42
118.000000
0.498930 0.555419 0.486698 0.484919 0.444044 0.526947 0.546586 0.517539 0.529183 0.489290 0.510790 0.530480 0.499362 0.572014 0.459981 0.492275 0.553991 0.495061 0.481416 0.484218 0.539907 0.522514 0.525732 0.496363 0.446220 0.495905 0.528448 0.471847 0.509100 0.509734 0.501312 0.557735 0.453495 0.446072 0.468233 0.469865 0.468950 0.495352 0.504200 0.538274 0.489997 0.471389 0.498520 0.491058 0.476470 0.464451 0.582443 0.536186 0.606703 0.471219 0.560580 0.509000 0.583660 0.499164 0.484886 0.443376 0.525688 0.554205 0.473186 0.480134 0.552968 0.502365 0.451764 0.482864 0.500575 0.517128 0.477800 0.491530 0.444902 0.507092 0.507869 0.539371 0.497050 0.499620 0.601490 0.449643 0.612215 0.539605 0.626091 0.488511 0.520353 0.508031 0.506546 0.499839 0.503854 0.453039 0.467566 0.467059 0.461028 0.445243 0.516140 0.485649 0.465344 0.548431 0.484095 0.506985 0.560447 0.431728 0.546397 0.534314 0.445907 0.464027 0.556721 0.501256 0.530731 0.522701 0.550504 0.519962 0.457601 0.530291 0.482052 0.503627 0.508175 0.527062 0.544177 0.512801 0.498372 0.506214 0.522026 0.506391 0.485188 0.515841 0.486502 0.575394 0.517071 0.450857 0.555902 0.555388 0.500712 0.516992 0.447739 0.517156 0.508079 0.434211 0.505117 0.477699 0.478032 0.456570 0.462009 0.491017 0.510333 0.505886 0.549089 0.453249 0.486969 0.471111 0.483698 0.459254 0.505946 0.471405 0.492745 0.419823 0.501818 0.494323 0.458819 0.484074 0.458999 0.574011 0.518320 0.446429 0.477805 0.521354 0.466155 0.495548 0.513774 0.492280 0.463420 0.513751 0.540109 0.506519 0.482821 0.570453 0.488904 0.454160 0.493995 0.450082 0.456969 0.506296 0.483260 0.515082 0.547622 0.566656 0.440760 0.476412 0.419981 0.489402 0.569303 0.505477 0.515046 0.565725 0.555929 0.466144 0.505660 0.445714 0.507640 0.462264 0.496745 0.560558 0.506959 0.538467 0.475057 0.450864 0.597931 0.546576 0.576417 0.531202 0.445175 0.488210 0.570741 0.539486 0.480934 0.429456 0.493479 0.440076 0.461174 0.537828 0.540166 0.463289 0.575720 0.479262 0.544163 0.497418 0.453934 0.453637 0.454919 0.490790 0.409988 0.484092 0.554741 0.522086 0.498274 0.486629 0.574203 0.487838 0.457310 0.496102 0.515515 0.521819 0.509266 0.513758 0.450428 0.457856 0.575788 0.529780 0.491884 0.521580 0.440222 0.465142 0.533981 0.458731 0.423567 0.480276 0.515251 0.524014 0.497689 0.507446 

46
79.000000
0.518668 0.488930 0.587100 0.460241 0.469150 0.481421 0.578074 0.569528 0.490304 0.497466 0.528721 0.479966 0.517150 0.430570 0.596276 0.541829 0.487307 0.429260 0.508923 0.507855 0.498303 0.503687 0.543755 0.463632 0.473923 0.522515 0.533509 0.469499 0.505949 0.519157 0.493580 0.603105 0.462181 0.512818 0.553109 0.542901 0.438865 0.488027 0.464704 0.496919 0.522153 0.471286 0.478232 0.532767 0.479417 0.439716 0.540613 0.548017 0.448334 0.523319 0.539087 0.545911 0.605188 0.488519 0.516393 0.507340 0.575810 0.564455 0.503431 0.577884 0.527898 0.451486 0.529056 0.532658 0.513578 0.521378 0.526561 0.510070 0.488771 0.503263 0.476098 0.496833 0.482782 0.507567 0.451377 0.474830 0.432991 0.550297 0.419709 0.519291 0.552816 0.571520 0.481433 0.573885 0.541352 0.503804 0.545511 0.457662 0.535330 0.580455 0.518874 0.468605 0.509480 0.504099 0.519288 0.536503 0.536639 0.541424 0.420956 0.564897 0.473484 0.537570 0.515961 0.470054 0.549885 0.499632 0.490039 0.516464 0.515838 0.500430 0.579611 0.533429 0.457974 0.500629 0.469844 0.492372 0.449252 0.448752 0.412854 0.519674 0.467363 0.541307 0.517177 0.604568 0.461737 0.468681 0.555469 0.515487 0.554442 0.533948 0.521700 0.498417 0.402789 0.557371 0.423680 0.568902 0.448801 0.510847 0.427339 0.488614 0.530310 0.453288 0.463187 0.468698 0.482229 0.528446 0.462799 0.596577 0.547129 0.569840 0.442403 0.539290 0.501296 0.394452 0.453060 0.502379 0.468923 0.461460 0.474906 0.589163 0.443176 0.502399 0.532346 0.549137 0.459244 0.598714 0.458631 0.454372 0.514137 0.550993 0.434498 0.581299 0.444673 0.459045 0.545020 0.445008 0.516847 0.395864 0.605351 0.598266 0.602985 0.571271 0.573752 0.507802 0.493237 0.425376 0.473729 0.493097 0.496864 0.438141 0.494953 0.467113 0.471431 0.454538 0.472244 0.446520 0.502875 0.505886 0.435727 0.388259 0.538344 0.495790 0.499821 0.492203 0.411780 0.590819 0.453945 0.414946 0.539400 0.462011 0.452007 0.448693 0.588680 0.511788 0.551929 0.467872 0.496694 0.493174 0.491281 0.510247 0.487460 0.531554 0.563079 0.498608 0.602694 0.540676 0.482563 0.518105 0.449052 0.541800 0.531223 0.495734 0.464172 0.560961 0.491679 0.460110 0.539092 0.482462 0.466778 0.556575 0.520166 0.504254 0.512544 0.500480 0.469858 0.443517 0.569108 0.485531 0.517013 0.425073 0.437223 0.607598 0.543136 0.471550 0.530655 0.432280 

264
157.000000
0.494653 0.457819 0.540330 0.512145 0.479782 0.515083 0.438845 0.474903 0.554320 0.508085 0.463258 0.466351 0.539579 0.540519 0.542166 0.524116 0.511246 0.559555 0.577676 0.509467 0.482646 0.511426 0.444860 0.535070 0.556386 0.544082 0.472661 0.484355 0.517336 0.461708 0.472769 0.457461 0.475617 0.562942 0.451404 0.598193 0.489228 0.539973 0.559367 0.517907 0.475609 0.494223 0.552596 0.405930 0.499856 0.445444 0.466426 0.499878 0.458639 0.502702 0.481073 0.499064 0.452192 0.528280 0.437430 0.534948 0.517491 0.467984 0.522365 0.452218 0.437831 0.477016 0.457714 0.496150 0.512186 0.451410 0.506681 0.514784 0.418945 0.461069 0.508394 0.459096 0.481967 0.479002 0.477669 0.542427 0.471877 0.488380 0.481416 0.503838 0.459935 0.546742 0.534294 0.526837 0.534695 0.494379 0.458200 0.516850 0.547854 0.531086 0.509429 0.413214 0.577682 0.483402 0.551548 0.490494 0.473991 0.503314 0.478099 0.496283 0.482618 0.483355 0.507834 0.482799 0.513628 0.482879 0.506904 0.531430 0.495721 0.460938 0.490205 0.485583 0.555808 0.597305 0.443188 0.552458 0.470448 0.550752 0.442148 0.565430 0.511877 0.454022 0.509316 0.499583 0.456898 0.518441 0.476538 0.452171 0.525527 0.508542 0.510875 0.525799 0.549526 0.509612 0.542355 0.508108 0.553935 0.435384 0.517625 0.508496 0.478225 0.545854 0.501792 0.495345 0.450285 0.508214 0.493137 0.527812 0.493459 0.566562 0.462409 0.583462 0.485729 0.550924 0.463134 0.482378 0.494689 0.488015 0.491193 0.465409 0.500976 0.475639 0.551100 0.456710 0.522428 0.466305 0.530615 0.460424 0.440676 0.471307 0.521645 0.480323 0.524987 0.486608 0.479241 0.454983 0.496046 0.541173 0.497669 0.461661 0.441044 0.500589 0.437047 0.472493 0.462989 0.512846 0.498515 0.556806 0.490766 0.526387 0.468611 0.537861 0.494412 0.599811 0.459475 0.508519 0.504484 0.488073 0.562008 0.498946 0.505069 0.517429 0.451024 0.438168 0.501708 0.460394 0.445220 0.500352 0.469962 0.470292 0.492122 0.503539 0.513904 0.559208 0.514402 0.481207 0.558340 0.496042 0.442204 0.431031 0.522283 0.462477 0.520432 0.553092 0.483883 0.469727 0.489518 0.484178 0.497257 0.441716 0.565165 0.489902 0.532027 0.516908 0.525667 0.476974 0.547779 0.492010 0.523260 0.439633 0.511472 0.442902 0.468529 0.502299 0.466982 0.485263 0.503246 0.527248 0.483172 0.448229 0.438364 0.517809 0.488887 0.414657 0.475324 0.461667 

267
79.000000
0.604656 0.551911 0.450757 0.547582 0.593253 0.526351 0.438095 0.446750 0.550777 0.473908 0.460134 0.480279 0.563703 0.500918 0.550976 0.468315 0.477251 0.559113 0.436173 0.478836 0.457880 0.535922 0.472033 0.547976 0.505521 0.456367 0.450395 0.479386 0.590889 0.484991 0.479850 0.434887 0.541068 0.525022 0.482148 0.501573 0.471700 0.428274 0.573654 0.505057 0.537255 0.452983 0.449261 0.498019 0.450365 0.548169 0.405591 0.488523 0.577746 0.465687 0.441378 0.458129 0.464668 0.435611 0.477464 0.576412 0.445259 0.467217 0.488805 0.499759 0.492065 0.501435 0.408062 0.521957 0.478808 0.493877 0.511293 0.508120 0.461996 0.519540 0.541233 0.467882 0.530615 0.510091 0.476660 0.580134 0.591104 0.563370 0.519326 0.559413 0.502365 0.431274 0.499170 0.433475 0.445399 0.473965 0.438373 0.570362 0.521462 0.457709 0.558776 0.523659 0.420389 0.465995 0.526538 0.450203 0.526765 0.499228 0.534829 0.487431 0.534870 0.512398 0.503040 0.462406 0.464805 0.574147 0.549488 0.392559 0.519639 0.444704 0.513665 0.567782 0.514931 0.450761 0.574034 0.464659 0.541296 0.429401 0.472186 0.430135 0.512243 0.440542 0.485628 0.468320 0.432317 0.402995 0.447988 0.505522 0.551900 0.553959 0.437592 0.603227 0.495293 0.549339 0.466858 0.525751 0.549142 0.509112 0.535440 0.560253 0.393999 0.425593 0.481195 0.478775 0.473094 0.479345 0.558372 0.495569 0.437996 0.545854 0.456992 0.492939 0.588266 0.421653 0.553191 0.540215 0.571555 0.582567 0.517861 0.532096 0.515454 0.558317 0.504046 0.536892 0.528556 0.490797 0.539323 0.542489 0.516650 0.431511 0.567205 0.415128 0.558176 0.584112 0.499615 0.482740 0.496310 0.534852 0.479408 0.575519 0.570534 0.538806 0.506823 0.439319 0.528120 0.479969 0.498540 0.435682 0.446405 0.450126 0.394482 0.553699 0.477436 0.499118 0.515301 0.527792 0.435988 0.524008 0.450724 0.434879 0.494777 0.500208 0.644869 0.584512 0.532320 0.456772 0.472627 0.519809 0.438156 0.435279 0.440435 0.514443 0.470477 0.577541 0.462102 0.588388 0.502289 0.544107 0.524267 0.556149 0.548954 0.403905 0.573168 0.440461 0.528862 0.508868 0.412734 0.477226 0.528641 0.504416 0.560170 0.460246 0.428870 0.488568 0.493195 0.477114 0.450476 0.484547 0.506578 0.555600 0.511095 0.469050 0.492572 0.535290 0.489404 0.477787 0.553510 0.486912 0.495318 0.479936 0.600472 0.560721 0.524962 0.540791 0.556848 0.564101 

313
120.000000
0.461766 0.527792 0.448540 0.479147 0.559890 0.495817 0.524771 0.466718 0.413509 0.519197 0.496389 0.517398 0.536238 0.431284 0.541235 0.479685 0.508924 0.517176 0.519953 0.494839 0.471418 0.460109 0.547150 0.403487 0.547684 0.457192 0.476942 0.494782 0.526175 0.500300 0.460015 0.463877 0.478385 0.504057 0.567982 0.551772 0.505224 0.481764 0.498881 0.477578 0.454819 0.521715 0.468070 0.529981 0.561660 0.491128 0.472591 0.512739 0.523557 0.524190 0.501692 0.479339 0.462497 0.564507 0.403996 0.543034 0.447414 0.526380 0.468144 0.540893 0.491883 0.483557 0.562116 0.518887 0.489928 0.540367 0.560222 0.476391 0.467195 0.489481 0.480726 0.556878 0.454357 0.546223 0.512400 0.431973 0.498114 0.445212 0.571129 0.423814 0.553756 0.464076 0.555374 0.445224 0.571540 0.481131 0.497558 0.465335 0.511232 0.525051 0.400981 0.552222 0.554301 0.462761 0.483800 0.483556 0.426705 0.515646 0.484779 0.521409 0.520876 0.544821 0.509445 0.454083 0.489880 0.486750 0.569825 0.467649 0.518251 0.524948 0.516828 0.531586 0.502182 0.533012 0.556020 0.499237 0.482826 0.507189 0.443705 0.449761 0.517966 0.535711 0.444774 0.472952 0.524999 0.438426 0.455217 0.476173 0.427506 0.539272 0.478736 0.494165 0.479030 0.573546 0.488472 0.593327 0.497691 0.523220 0.544260 0.533838 0.528990 0.515725 0.544121 0.536117 0.536018 0.470841 0.465059 0.542013 0.482752 0.508328 0.478227 0.422485 0.532744 0.548265 0.562601 0.526364 0.508345 0.483013 0.506278 0.527104 0.456570 0.476385 0.487111 0.551314 0.487299 0.561238 0.454279 0.500431 0.547618 0.502947 0.549275 0.464724 0.502836 0.613623 0.471250 0.560905 0.526200 0.488327 0.465233 0.450217 0.566866 0.478414 0.494718 0.436494 0.500071 0.464301 0.491199 0.508884 0.482174 0.460025 0.394316 0.511346 0.448410 0.552104 0.477324 0.561033 0.543093 0.512946 0.525058 0.494238 0.570845 0.501027 0.421717 0.535128 0.507902 0.523543 0.534562 0.525933 0.539516 0.498324 0.487975 0.535482 0.537272 0.465717 0.504070 0.532595 0.523093 0.471941 0.579987 0.502608 0.460494 0.459498 0.470025 0.445396 0.488846 0.501308 0.512790 0.433713 0.488171 0.420913 0.446033 0.500615 0.490620 0.551317 0.469465 0.532284 0.478293 0.532071 0.552760 0.560032 0.583564 0.525848 0.483216 0.496855 0.498728 0.465504 0.515583 0.573063 0.537405 0.432931 0.522532 0.497997 0.538214 0.474907 0.540019 0.515113 

349
121.000000
0.463238 0.488569 0.474540 0.523838 0.455422 0.512019 0.508339 0.512829 0.454861 0.568164 0.524000 0.525914 0.476186 0.495368 0.471344 0.475172 0.587587 0.539680 0.550816 0.516484 0.524067 0.465922 0.536590 0.560668 0.474859 0.520926 0.512765 0.524997 0.436620 0.480461 0.540698 0.423631 0.512106 0.458148 0.450138 0.412664 0.533449 0.462266 0.497835 0.438940 0.496917 0.471585 0.532276 0.572110 0.468623 0.506494 0.514617 0.464294 0.510145 0.430480 0.443015 0.444266 0.518193 0.492555 0.601104 0.524313 0.558053 0.514435 0.488826 0.529295 0.569698 0.538652 0.518168 0.492843 0.454781 0.443410 0.466769 0.445551 0.526336 0.481293 0.467904 0.479262 0.528879 0.488505 0.490165 0.519715 0.521004 0.536995 0.446436 0.466996 0.421875 0.475141 0.464663 0.520995 0.477956 0.513549 0.487083 0.510544 0.453051 0.486765 0.421994 0.557149 0.534271 0.499879 0.495823 0.569952 0.554429 0.457326 0.461487 0.507648 0.532094 0.554405 0.391340 0.543452 0.534177 0.478286 0.521201 0.497792 0.546543 0.507035 0.511219 0.472622 0.479698 0.448939 0.568175 0.519496 0.495694 0.424272 0.527405 0.496546 0.537932 0.468998 0.523741 0.495434 0.503300 0.560367 0.444394 0.516716 0.473441 0.498304 0.539837 0.524523 0.446737 0.465527 0.467502 0.471709 0.536160 0.430441 0.529101 0.440666 0.526314 0.493672 0.485501 0.543694 0.485119 0.539388 0.439273 0.510556 0.580503 0.495049 0.512622 0.511171 0.475590 0.459323 0.485699 0.420576 0.525780 0.513830 0.522562 0.485022 0.478734 0.480446 0.546901 0.508764 0.529637 0.457437 0.483189 0.476024 0.477317 0.417939 0.484630 0.493641 0.520851 0.508292 0.428820 0.500727 0.537827 0.471631 0.560884 0.489590 0.501690 0.542905 0.517034 0.536694 0.535571 0.522414 0.522283 0.473287 0.463659 0.553321 0.506394 0.562708 0.482716 0.480715 0.439133 0.461961 0.447596 0.494568 0.580181 0.412565 0.509570 0.496571 0.485361 0.498296 0.446641 0.480945 0.540664 0.463979 0.527019 0.523054 0.550958 0.464091 0.460130 0.476536 0.546745 0.433845 0.552183 0.522870 0.461003 0.467845 0.480832 0.463878 0.566556 0.509818 0.477733 0.538565 0.485883 0.442037 0.504261 0.504404 0.507963 0.492626 0.526195 0.521434 0.485007 0.495369 0.489393 0.538357 0.499491 0.495976 0.398455 0.505660 0.464284 0.460521 0.459410 0.483098 0.460075 0.489294 0.572598 0.496862 0.520957 0.545823 0.427181 0.474545 0.488363 0.481968 

420
109.000000
0.476391 0.447743 0.490880 0.520901 0.509357 0.402389 0.446676 0.524088 0.511716 0.389313 0.490948 0.477967 0.522526 0.425161 0.487527 0.468295 0.445266 0.493325 0.457897 0.480103 0.526073 0.543882 0.503335 0.491413 0.494861 0.483142 0.529273 0.515126 0.450618 0.511599 0.481171 0.497415 0.523307 0.497749 0.563779 0.484356 0.404265 0.525161 0.536178 0.494036 0.547596 0.440185 0.473073 0.433277 0.547550 0.420423 0.514759 0.510994 0.445655 0.495971 0.432262 0.497723 0.479178 0.511262 0.476135 0.448930 0.496104 0.455841 0.447229 0.537756 0.470036 0.573059 0.519851 0.424138 0.562931 0.551878 0.492806 0.473611 0.577885 0.474566 0.485133 0.476203 0.402293 0.514396 0.525202 0.489486 0.542443 0.526418 0.436798 0.536264 0.484220 0.561216 0.472775 0.513276 0.427638 0.473897 0.516807 0.477834 0.502554 0.509143 0.564342 0.530033 0.483281 0.546185 0.487753 0.486260 0.520388 0.498163 0.421508 0.518356 0.504610 0.423718 0.519138 0.538467 0.456465 0.428404 0.441243 0.589106 0.533817 0.445236 0.414168 0.508993 0.507181 0.513452 0.429748 0.429065 0.494800 0.525605 0.534798 0.476695 0.522747 0.507279 0.521453 0.491151 0.427815 0.534833 0.486147 0.492510 0.580679 0.514364 0.522100 0.600694 0.531984 0.481462 0.553577 0.528970 0.447204 0.586697 0.484576 0.534994 0.478490 0.520190 0.441941 0.511821 0.489152 0.455556 0.459359 0.533913 0.517518 0.454239 0.487359 0.462470 0.565250 0.519986 0.462926 0.530156 0.473974 0.513774 0.499845 0.462473 0.458819 0.452719 0.520132 0.516095 0.544658 0.542389 0.502766 0.525640 0.541369 0.552005 0.454228 0.504171 0.533534 0.488747 0.559472 0.492743 0.532434 0.512247 0.535295 0.476313 0.479918 0.454033 0.536044 0.454767 0.509602 0.506480 0.466516 0.526915 0.547032 0.460589 0.546607 0.486087 0.531245 0.479741 0.533694 0.542443 0.517717 0.454394 0.459267 0.537057 0.509861 0.518505 0.470407 0.531411 0.492064 0.503713 0.509434 0.499119 0.517931 0.472990 0.460708 0.543365 0.490183 0.524758 0.497676 0.503616 0.447473 0.528581 0.511400 0.508300 0.512731 0.528740 0.461625 0.493875 0.530346 0.498602 0.534507 0.527272 0.496075 0.581773 0.445182 0.514263 0.392776 0.545814 0.483977 0.536033 0.508630 0.473101 0.474583 0.512792 0.541669 0.540863 0.568580 0.470289 0.561874 0.507244 0.511814 0.553450 0.489455 0.589286 0.521076 0.514789 0.434506 0.514116 0.422577 0.456247 

435
70.000000
0.443165 0.516015 0.543271 0.486605 0.518938 0.494820 0.508409 0.467126 0.512240 0.458094 0.479142 0.483921 0.544531 0.572953 0.476623 0.500279 0.478193 0.484704 0.482462 0.504224 0.514325 0.467268 0.549834 0.570222 0.491326 0.462831 0.438014 0.522156 0.469002 0.513668 0.557049 0.520225 0.537614 0.471820 0.454638 0.467234 0.487935 0.521119 0.375838 0.568168 0.440303 0.502543 0.555493 0.563675 0.587695 0.569550 0.558053 0.501683 0.432286 0.580649 0.521986 0.497126 0.522917 0.486097 0.475918 0.540470 0.553849 0.531359 0.432433 0.510693 0.476829 0.515737 0.483106 0.484533 0.493741 0.538617 0.532680 0.487453 0.555920 0.496225 0.470459 0.548193 0.504013 0.525208 0.571194 0.591207 0.465259 0.479453 0.437208 0.520649 0.580632 0.549649 0.525562 0.483084 0.494980 0.554848 0.524716 0.523195 0.483993 0.523420 0.540768 0.480122 0.522941 0.453692 0.499191 0.536633 0.461826 0.583810 0.520876 0.473172 0.476525 0.517831 0.479852 0.478530 0.431618 0.456444 0.450240 0.475311 0.440688 0.502013 0.475313 0.547330 0.494771 0.478672 0.582672 0.557112 0.506922 0.474718 0.513429 0.533215 0.547630 0.530541 0.555459 0.512918 0.543075 0.502089 0.442951 0.466926 0.524935 0.533986 0.459895 0.421309 0.541124 0.414803 0.591730 0.408832 0.416652 0.518908 0.573817 0.441850 0.483484 0.425683 0.543230 0.514357 0.582090 0.431248 0.434645 0.514604 0.486717 0.443627 0.512034 0.562592 0.503083 0.472940 0.517731 0.498868 0.520280 0.474112 0.459953 0.574107 0.613501 0.574033 0.498897 0.503036 0.457345 0.579700 0.497201 0.500046 0.486966 0.488814 0.464581 0.461418 0.565989 0.495454 0.586525 0.480562 0.458390 0.452104 0.573867 0.634650 0.578086 0.596949 0.526414 0.474929 0.540624 0.485949 0.445125 0.533868 0.365585 0.573990 0.575391 0.515568 0.532297 0.596595 0.550495 0.466453 0.481063 0.485574 0.493025 0.533606 0.539700 0.489666 0.525289 0.515718 0.538637 0.518121 0.471668 0.458784 0.568555 0.500718 0.436619 0.484224 0.493851 0.425364 0.530462 0.554465 0.452223 0.488910 0.491936 0.521748 0.555697 0.522976 0.454070 0.566184 0.542660 0.458997 0.575052 0.510146 0.544688 0.529879 0.468589 0.468291 0.527943 0.504180 0.503205 0.531240 0.555103 0.462531 0.484806 0.430617 0.555318 0.470910 0.418129 0.514674 0.601321 0.526975 0.518626 0.581403 0.417252 0.393701 0.471170 0.436236 0.456310 0.501721 0.562967 0.514024 

706
87.000000
0.504227 0.458374 0.510979 0.551981 0.542774 0.565542 0.517982 0.546251 0.468778 0.482934 0.504089 0.515390 0.412254 0.466149 0.558933 0.440555 0.485104 0.399757 0.481695 0.454962 0.503064 0.549386 0.427765 0.492753 0.470226 0.578502 0.571352 0.526306 0.459475 0.491986 0.541585 0.488647 0.470275 0.596816 0.516794 0.502476 0.432867 0.440311 0.500925 0.524202 0.479361 0.582636 0.570315 0.472343 0.518500 0.605304 0.503581 0.519873 0.495850 0.483298 0.478501 0.406545 0.461938 0.448856 0.489971 0.484348 0.462576 0.528697 0.502075 0.482589 0.503357 0.550578 0.464678 0.550040 0.424743 0.442811 0.489152 0.485221 0.487534 0.540899 0.479257 0.563283 0.608493 0.468722 0.491772 0.439053 0.567590 0.461177 0.463684 0.482146 0.438954 0.478221 0.461774 0.473816 0.557771 0.495085 0.584639 0.519969 0.560367 0.544876 0.506062 0.435170 0.463134 0.472360 0.444353 0.539670 0.577954 0.403712 0.574522 0.533431 0.564057 0.531136 0.524374 0.491782 0.545774 0.442743 0.422921 0.437884 0.546132 0.608783 0.456550 0.537035 0.441478 0.501284 0.479352 0.560546 0.529725 0.542038 0.485972 0.476869 0.526205 0.511614 0.535814 0.531466 0.514268 0.506831 0.521258 0.531378 0.539997 0.465629 0.492163 0.450291 0.480267 0.477480 0.503934 0.434323 0.532287 0.512215 0.421960 0.497715 0.589454 0.494707 0.493600 0.534822 0.474366 0.515946 0.560555 0.399898 0.521392 0.549466 0.433997 0.564992 0.439436 0.535647 0.515351 0.449799 0.489042 0.423922 0.473588 0.434833 0.583101 0.607815 0.492069 0.450956 0.472380 0.433926 0.526174 0.447790 0.527823 0.462050 0.469416 0.521491 0.479883 0.470534 0.449365 0.554730 0.428459 0.583482 0.451675 0.477647 0.491281 0.501302 0.561529 0.542623 0.558475 0.531464 0.448852 0.518723 0.507810 0.431932 0.509975 0.409978 0.512609 0.544237 0.481518 0.526475 0.527962 0.439590 0.457272 0.453182 0.577214 0.539096 0.510222 0.448998 0.438257 0.559379 0.559586 0.511875 0.451420 0.438405 0.459719 0.433080 0.553031 0.469495 0.529240 0.512439 0.482831 0.566561 0.480943 0.519500 0.475311 0.503832 0.508126 0.527124 0.416687 0.499224 0.498369 0.443453 0.415872 0.532404 0.506020 0.526623 0.496505 0.445175 0.421578 0.502195 0.467297 0.478456 0.439197 0.524231 0.516833 0.589336 0.582570 0.460579 0.492493 0.495678 0.558490 0.499138 0.505645 0.546812 0.581033 0.522286 0.436332 0.531462 0.483133 0.517509 

983
84.000000
0.527313 0.590004 0.425249 0.501944 0.572886 0.404714 0.451512 0.527070 0.514908 0.519365 0.469637 0.440250 0.513064 0.568888 0.531087 0.451533 0.429089 0.481453 0.408799 0.520427 0.576130 0.575245 0.477227 0.494746 0.461272 0.494496 0.474817 0.436499 0.552367 0.514686 0.533662 0.537530 0.533850 0.466756 0.430263 0.427904 0.481003 0.570102 0.493061 0.453710 0.405996 0.549178 0.419438 0.527966 0.508603 0.481507 0.461614 0.495118 0.526789 0.475367 0.497051 0.507579 0.411166 0.525189 0.436770 0.481839 0.530641 0.433991 0.539013 0.522075 0.554025 0.435099 0.531370 0.485133 0.552459 0.432605 0.500476 0.502628 0.507549 0.505161 0.557646 0.507240 0.478595 0.533256 0.593448 0.445703 0.410548 0.500574 0.459192 0.546127 0.546959 0.566673 0.529268 0.457085 0.524919 0.474403 0.438393 0.574414 0.437018 0.534735 0.521879 0.522204 0.409086 0.537639 0.535356 0.610422 0.481137 0.545070 0.418992 0.489937 0.516227 0.578298 0.514879 0.489172 0.549540 0.584700 0.477123 0.434782 0.510260 0.439516 0.555660 0.426184 0.512027 0.541024 0.518223 0.568843 0.473963 0.564575 0.625181 0.542641 0.508118 0.451616 0.500337 0.412865 0.471212 0.515118 0.528605 0.532264 0.468298 0.532980 0.545174 0.492734 0.464426 0.507866 0.440798 0.550419 0.541492 0.412168 0.525056 0.511462 0.426541 0.468801 0.552784 0.551624 0.512153 0.497271 0.444181 0.506846 0.445562 0.476809 0.561463 0.478632 0.505793 0.466223 0.542654 0.393949 0.544287 0.456308 0.461382 0.450107 0.451099 0.558911 0.496712 0.414208 0.494760 0.521100 0.531179 0.571512 0.497123 0.546826 0.558864 0.500170 0.536885 0.540737 0.533088 0.514464 0.434868 0.463044 0.417719 0.440469 0.482489 0.391630 0.568830 0.466562 0.465462 0.474679 0.506728 0.457930 0.485636 0.586684 0.425848 0.494011 0.546625 0.491477 0.549147 0.513714 0.501504 0.490187 0.556693 0.533329 0.523548 0.477971 0.507534 0.429274 0.425281 0.583059 0.442290 0.564597 0.416615 0.472571 0.548091 0.549470 0.444644 0.473729 0.556392 0.588533 0.477686 0.562715 0.478435 0.463928 0.480556 0.551762 0.545136 0.464011 0.474506 0.616054 0.479027 0.462093 0.505242 0.557354 0.431351 0.533096 0.440810 0.542559 0.537827 0.479863 0.513231 0.497020 0.529072 0.576555 0.504306 0.559117 0.421895 0.528439 0.588406 0.571916 0.547645 0.444763 0.483323 0.537034 0.481002 0.502878 0.535779 0.481128 0.541189 0.542125 

