0.001371 0.987142 0.991824 0.000007 1.000676 0.025800 0.015606 0.004011 0.319049 0.004011 0.994632 0.008471 0.006039 0.888750 0.000001 0.000000 3.554765 0.775617 0.009078 0.118366 0.010156 0.000253 0.002009 0.137474 0.002210 0.007774 0.010124 0.075693 0.116085 1.250904 0.561100 8.859762 8.861163 8.861576 135.000000 0.000184 0.000109 0.000089 -85.719162 0.410716 0.000000 0.000000 17483.039062 -14677.755859 -168697.843750 165904.859375 386.740112 6.013765 0.002167 0.000000 0.000000 0.000000 0.529109 0.031783 0.000007 0.000000 0.000000 0.000133 0.004377 0.012450 3.600507 0.043833 0.000055 0.000000 2.371533 13.105350 0.000272 0.000011 0.000010 0.000000 0.000000 0.000000 0.000569 0.000002 0.000006 0.001374 0.043580 0.000039 0.000000 4.144600 1.134272 0.000016 0.000008 0.000000 0.000000 0.000000 0.000000 0.000120 0.000000 0.000000 0.000001 0.004375 0.987208 0.991832 0.000007 1.000676 0.025800 0.015606 0.004011 0.319053 0.004011 
0.994632 0.008471 0.006039 0.888751 0.000001 0.000000 3.554765 0.775617 0.009078 0.118366 0.010156 0.000253 0.002009 0.137474 0.002210 0.007773 0.010124 0.075693 0.116085 1.250904 0.561100 8.859761 8.861162 8.861575 135.000000 0.000183 0.000109 0.000089 -85.571350 0.410719 0.000000 0.000000 17483.039062 -14677.755859 -168697.843750 165904.859375 386.723999 6.011922 0.002138 0.017681 0.000275 0.000000 0.529106 0.031781 0.000007 0.000000 0.000000 0.000239 0.004393 0.012451 3.600507 0.043834 0.000055 0.000000 2.371555 13.105338 0.000261 0.000011 0.000010 0.000000 0.000000 0.000000 0.000569 0.000002 0.000006 0.001374 0.043580 0.000039 0.000000 4.144603 1.134269 0.000015 0.000008 0.000000 0.000000 0.000000 0.000000 0.000120 0.000000 0.000000 0.000001 0.007375 0.987273 0.991840 0.000007 1.000676 0.025800 0.015606 0.004011 0.319056 0.004012 0.994632 0.008471 0.006039 0.888752 0.000001 0.000000 3.554765 0.775617 0.009078 0.118366 
0.010156 0.000253 0.002009 0.137474 0.002210 0.007773 0.010124 0.075692 0.116085 1.250904 0.561101 8.859759 8.861161 8.861574 135.000000 0.000183 0.000109 0.000089 -85.424744 0.410722 0.000000 0.000000 17483.039062 -14677.755859 -168697.843750 165904.859375 386.707855 6.010080 0.002111 0.035360 0.000550 0.000000 0.529103 0.031778 0.000007 0.000000 0.000000 0.000320 0.004434 0.012451 3.600507 0.043834 0.000055 0.000000 2.371577 13.105327 0.000251 0.000011 0.000010 0.000000 0.000000 0.000000 0.000569 0.000002 0.000006 0.001374 0.043581 0.000039 0.000000 4.144607 1.134266 0.000014 0.000008 0.000000 0.000000 0.000000 0.000000 0.000120 0.000000 0.000000 0.000001 0.010374 0.987338 0.991848 0.000007 1.000676 0.025800 0.015606 0.004011 0.319060 0.004013 0.994632 0.008471 0.006039 0.888753 0.000001 0.000000 3.554765 0.775617 0.009078 0.118366 0.010156 0.000253 0.002009 0.137474 0.002210 0.007772 0.010124 0.075692 0.116085 1.250905 
0.561101 8.859757 8.861160 8.861573 135.000000 0.000183 0.000109 0.000089 -85.279305 0.410726 0.000000 0.000000 17483.039062 -14677.755859 -168697.843750 165904.859375 386.691711 6.008239 0.002083 0.053037 0.000824 0.000000 0.529098 0.031775 0.000007 0.000000 0.000000 0.000381 0.004494 0.012452 3.600506 0.043834 0.000055 0.000000 2.371598 13.105315 0.000240 0.000011 0.000010 0.000000 0.000000 0.000000 0.000569 0.000002 0.000006 0.001374 0.043581 0.000039 0.000000 4.144610 1.134264 0.000014 0.000008 0.000000 0.000000 0.000000 0.000000 0.000120 0.000000 0.000000 0.000001 0.013372 0.987403 0.991856 0.000007 1.000676 0.025800 0.015606 0.004012 0.319064 0.004014 0.994632 0.008472 0.006039 0.888754 0.000001 0.000000 3.554765 0.775617 0.009078 0.118366 0.010156 0.000253 0.002009 0.137474 0.002210 0.007771 0.010124 0.075692 0.116085 1.250905 0.561101 8.859756 8.861159 8.861572 135.000000 0.000183 0.000109 0.000089 -85.134987 0.410729 
0.000000 0.000000 17483.039062 -14677.755859 -168697.843750 165904.859375 386.675537 6.006397 0.002056 0.070713 0.001099 0.000000 0.529093 0.031772 0.000007 0.000000 0.000000 0.000427 0.004569 0.012454 3.600506 0.043835 0.000055 0.000000 2.371620 13.105304 0.000230 0.000011 0.000010 0.000000 0.000000 0.000000 0.000569 0.000002 0.000006 0.001374 0.043581 0.000039 0.000000 4.144613 1.134261 0.000013 0.000008 0.000000 0.000000 0.000000 0.000000 0.000120 0.000000 0.000000 0.000001 0.016369 0.987468 0.991864 0.000007 1.000676 0.025800 0.015606 0.004012 0.319068 0.004016 0.994632 0.008472 0.006039 0.888755 0.000001 0.000000 3.554765 0.775617 0.009078 0.118366 0.010156 0.000253 0.002009 0.137474 0.002210 0.007771 0.010124 0.075692 0.116084 1.250906 0.561101 8.859754 8.861158 8.861571 135.000000 0.000183 0.000109 0.000089 -84.991737 0.410732 0.000000 0.000000 17483.039062 -14677.755859 -168697.843750 165904.859375 386.659363 6.004556 0.002028 0.088388 
0.001373 0.000000 0.529087 0.031769 0.000007 0.000000 0.000000 0.000463 0.004654 0.012455 3.600506 0.043835 0.000055 0.000000 2.371642 13.105292 0.000219 0.000011 0.000010 0.000000 0.000000 0.000000 0.000569 0.000002 0.000006 0.001374 0.043581 0.000039 0.000000 4.144617 1.134258 0.000013 0.000008 0.000000 0.000000 0.000000 0.000000 0.000120 0.000000 0.000000 0.000001 0.019365 0.987532 0.991872 0.000007 1.000676 0.025800 0.015606 0.004012 0.319071 0.004018 0.994632 0.008473 0.006039 0.888756 0.000001 0.000000 3.554765 0.775617 0.009078 0.118366 0.010156 0.000253 0.002009 0.137474 0.002210 0.007770 0.010124 0.075692 0.116084 1.250906 0.561101 8.859753 8.861158 8.861570 135.000000 0.000183 0.000109 0.000089 -84.849510 0.410735 0.000000 0.000000 17483.039062 -14677.755859 -168697.843750 165904.859375 386.643188 6.002714 0.002002 0.106061 0.001647 0.000001 0.529081 0.031767 0.000007 0.000000 0.000000 0.000490 0.004747 0.012457 
3.600506 0.043835 0.000055 0.000000 2.371664 13.105281 0.000209 0.000011 0.000010 0.000000 0.000000 0.000000 0.000569 0.000002 0.000006 0.001374 0.043581 0.000039 0.000000 4.144620 1.134255 0.000012 0.000008 0.000000 0.000000 0.000000 0.000000 0.000120 0.000000 0.000000 0.000001 0.023284 0.987617 0.991883 0.000007 1.000676 0.025800 0.015606 0.004013 0.319076 0.004022 0.994631 0.008474 0.006039 0.888757 0.000001 0.000000 3.554765 0.775617 0.009078 0.118366 0.010156 0.000253 0.002009 0.137474 0.002210 0.007769 0.010124 0.075691 0.116084 1.250905 0.561103 8.859753 8.861158 8.861569 135.000000 0.000183 0.000109 0.000089 -84.664825 0.410740 0.000000 0.000000 17483.039062 -14677.755859 -168697.843750 165904.859375 386.622009 6.000304 0.001967 0.129187 0.002006 0.000001 0.529071 0.031763 0.000007 0.000000 0.000000 0.000517 0.004878 0.012459 3.600505 0.043836 0.000055 0.000000 2.371692 13.105266 0.000195 0.000011 0.000010 0.000000 
0.000000 0.000000 0.000569 0.000002 0.000006 0.001374 0.043581 0.000039 0.000000 4.144624 1.134251 0.000011 0.000008 0.000000 0.000000 0.000000 0.000000 0.000120 0.000000 0.000000 0.000001 0.026278 0.987681 0.991891 0.000007 1.000676 0.025800 0.015606 0.004013 0.319080 0.004025 0.994631 0.008475 0.006039 0.888758 0.000001 0.000000 3.554765 0.775617 0.009078 0.118366 0.010156 0.000253 0.002009 0.137474 0.002210 0.007769 0.010124 0.075691 0.116084 1.250906 0.561102 8.859755 8.861158 8.861568 135.000000 0.000183 0.000109 0.000089 -84.524719 0.410743 0.000000 0.000000 17483.039062 -14677.755859 -168697.843750 165904.859375 386.605804 5.998463 0.001940 0.146857 0.002280 0.000001 0.529063 0.031760 0.000007 0.000000 0.000000 0.000533 0.004982 0.012461 3.600505 0.043836 0.000055 0.000000 2.371714 13.105254 0.000185 0.000011 0.000010 0.000000 0.000000 0.000000 0.000569 0.000002 0.000006 0.001374 0.043581 0.000039 0.000000 4.144628 
1.134248 0.000011 0.000008 0.000000 0.000000 0.000000 0.000000 0.000120 0.000000 0.000000 0.000001 0.029271 0.987745 0.991899 0.000007 1.000676 0.025800 0.015606 0.004014 0.319084 0.004028 0.994631 0.008476 0.006039 0.888759 0.000001 0.000000 3.554765 0.775617 0.009078 0.118366 0.010156 0.000253 0.002009 0.137474 0.002210 0.007768 0.010124 0.075691 0.116084 1.250906 0.561102 8.859757 8.861159 8.861567 135.000000 0.000183 0.000109 0.000089 -84.385422 0.410746 0.000000 0.000000 17483.039062 -14677.755859 -168697.843750 165904.859375 386.589600 5.996622 0.001914 0.164526 0.002554 0.000001 0.529054 0.031757 0.000007 0.000000 0.000000 0.000546 0.005090 0.012463 3.600505 0.043836 0.000055 0.000000 2.371736 13.105243 0.000175 0.000011 0.000010 0.000000 0.000000 0.000000 0.000569 0.000002 0.000006 0.001374 0.043581 0.000039 0.000000 4.144631 1.134246 0.000010 0.000008 0.000000 0.000000 0.000000 0.000000 0.000120 0.000000 0.000000 
0.000001 0.032570 0.987815 0.991908 0.000007 1.000676 0.025800 0.015606 0.004015 0.319088 0.004033 0.994630 0.008477 0.006039 0.888760 0.000001 0.000000 3.554765 0.775617 0.009078 0.118366 0.010156 0.000253 0.002009 0.137474 0.002210 0.007767 0.010124 0.075691 0.116083 1.250906 0.561103 8.859764 8.861160 8.861567 135.000000 0.000183 0.000109 0.000089 -84.232681 0.410750 0.000000 0.000000 17483.039062 -14677.755859 -168697.843750 165904.859375 386.571747 5.994592 0.001885 0.184004 0.002856 0.000001 0.529043 0.031754 0.000007 0.000000 0.000000 0.000557 0.005211 0.012465 3.600504 0.043837 0.000055 0.000000 2.371760 13.105229 0.000164 0.000011 0.000010 0.000000 0.000000 0.000000 0.000569 0.000002 0.000006 0.001374 0.043582 0.000039 0.000000 4.144635 1.134242 0.000009 0.000008 0.000000 0.000000 0.000000 0.000000 0.000120 0.000000 0.000000 0.000001 0.035562 0.987879 0.991916 0.000007 1.000676 0.025800 0.015606 0.004015 0.319092 
0.004037 0.994630 0.008479 0.006039 0.888760 0.000001 0.000000 3.554765 0.775617 0.009078 0.118366 0.010156 0.000253 0.002009 0.137474 0.002210 0.007767 0.010124 0.075691 0.116083 1.250907 0.561103 8.859773 8.861162 8.861566 135.000000 0.000183 0.000109 0.000089 -84.094826 0.410753 0.000000 0.000000 17483.039062 -14677.755859 -168697.843750 165904.859375 386.555542 5.992751 0.001859 0.201669 0.003129 0.000001 0.529033 0.031751 0.000007 0.000000 0.000000 0.000566 0.005323 0.012467 3.600504 0.043837 0.000055 0.000000 2.371781 13.105217 0.000154 0.000011 0.000010 0.000000 0.000000 0.000000 0.000569 0.000002 0.000006 0.001374 0.043582 0.000039 0.000000 4.144638 1.134240 0.000009 0.000008 0.000000 0.000000 0.000000 0.000000 0.000121 0.000000 0.000000 0.000001 0.038552 0.987943 0.991924 0.000007 1.000676 0.025800 0.015606 0.004016 0.319096 0.004042 0.994630 0.008480 0.006039 0.888761 0.000001 0.000000 3.554765 0.775617 0.009078 
0.118366 0.010156 0.000253 0.002009 0.137474 0.002210 0.007766 0.010124 0.075690 0.116083 1.250907 0.561103 8.859785 8.861164 8.861565 135.000000 0.000183 0.000109 0.000089 -83.957527 0.410756 0.000000 0.000000 17483.039062 -14677.755859 -168697.843750 165904.859375 386.539337 5.990910 0.001834 0.219333 0.003403 0.000001 0.529022 0.031748 0.000007 0.000000 0.000000 0.000573 0.005436 0.012469 3.600504 0.043837 0.000055 0.000000 2.371803 13.105205 0.000144 0.000011 0.000010 0.000000 0.000000 0.000000 0.000569 0.000002 0.000006 0.001374 0.043582 0.000039 0.000000 4.144641 1.134237 0.000008 0.000008 0.000000 0.000000 0.000000 0.000000 0.000121 0.000000 0.000000 0.000001 0.041542 0.988006 0.991932 0.000008 1.000676 0.025799 0.015606 0.004017 0.319100 0.004047 0.994629 0.008482 0.006039 0.888762 0.000001 0.000000 3.554765 0.775617 0.009078 0.118366 0.010156 0.000253 0.002009 0.137474 0.002210 0.007766 0.010124 0.075690 0.116083 
1.250908 0.561103 8.859801 8.861167 8.861565 135.000000 0.000183 0.000109 0.000089 -83.820686 0.410760 0.000000 0.000000 17483.039062 -14677.755859 -168697.843750 165904.859375 386.523132 5.989069 0.001808 0.236995 0.003676 0.000001 0.529010 0.031745 0.000007 0.000000 0.000000 0.000579 0.005550 0.012471 3.600504 0.043838 0.000054 0.000000 2.371825 13.105192 0.000134 0.000011 0.000010 0.000000 0.000000 0.000000 0.000569 0.000002 0.000006 0.001374 0.043582 0.000039 0.000000 4.144645 1.134234 0.000008 0.000008 0.000000 0.000000 0.000000 0.000000 0.000121 0.000000 0.000000 0.000001 0.044530 0.988069 0.991940 0.000008 1.000676 0.025799 0.015605 0.004018 0.319103 0.004052 0.994629 0.008483 0.006039 0.888763 0.000001 0.000000 3.554765 0.775617 0.009078 0.118366 0.010156 0.000253 0.002009 0.137474 0.002210 0.007765 0.010124 0.075690 0.116083 1.250908 0.561103 8.859822 8.861171 8.861565 135.000000 0.000183 0.000109 0.000089 -83.684212 
0.410763 0.000000 0.000000 17483.039062 -14677.755859 -168697.843750 165904.859375 386.506927 5.987228 0.001783 0.254656 0.003949 0.000001 0.528997 0.031742 0.000007 0.000000 0.000000 0.000585 0.005665 0.012473 3.600503 0.043838 0.000054 0.000000 2.371846 13.105180 0.000125 0.000011 0.000010 0.000000 0.000000 0.000000 0.000569 0.000002 0.000006 0.001374 0.043582 0.000039 0.000000 4.144648 1.134231 0.000007 0.000008 0.000000 0.000000 0.000000 0.000000 0.000121 0.000000 0.000000 0.000001 0.047518 0.988132 0.991948 0.000008 1.000676 0.025799 0.015605 0.004019 0.319107 0.004058 0.994628 0.008485 0.006039 0.888764 0.000001 0.000000 3.554765 0.775617 0.009078 0.118366 0.010156 0.000253 0.002009 0.137474 0.002210 0.007765 0.010124 0.075690 0.116083 1.250908 0.561103 8.859849 8.861176 8.861565 135.000000 0.000183 0.000109 0.000089 -83.548004 0.410766 0.000000 0.000000 17483.039062 -14677.755859 -168697.843750 165904.859375 386.490723 5.985387 0.001758 
0.272315 0.004222 0.000001 0.528984 0.031739 0.000007 0.000000 0.000000 0.000590 0.005780 0.012476 3.600503 0.043838 0.000054 0.000000 2.371868 13.105167 0.000115 0.000011 0.000010 0.000000 0.000000 0.000000 0.000569 0.000002 0.000006 0.001374 0.043582 0.000039 0.000000 4.144651 1.134228 0.000007 0.000008 0.000000 0.000000 0.000000 0.000000 0.000121 0.000000 0.000000 0.000001 0.050931 0.988204 0.991957 0.000008 1.000676 0.025799 0.015605 0.004020 0.319111 0.004065 0.994628 0.008488 0.006039 0.888765 0.000001 0.000000 3.554765 0.775617 0.009078 0.118366 0.010156 0.000253 0.002009 0.137474 0.002210 0.007764 0.010124 0.075690 0.116082 1.250908 0.561104 8.859887 8.861183 8.861564 135.000000 0.000183 0.000109 0.000089 -83.392563 0.410770 0.000000 0.000000 17483.039062 -14677.755859 -168697.843750 165904.859375 386.472229 5.983284 0.001730 0.292491 0.004534 0.000001 0.528968 0.031736 0.000007 0.000000 0.000000 0.000596 0.005912 
0.012478 3.600503 0.043839 0.000054 0.000000 2.371893 13.105153 0.000104 0.000011 0.000010 0.000000 0.000000 0.000000 0.000569 0.000002 0.000006 0.001374 0.043582 0.000038 0.000000 4.144655 1.134225 0.000006 0.000008 0.000000 0.000000 0.000000 0.000000 0.000121 0.000000 0.000000 0.000001 0.053918 0.988267 0.991965 0.000008 1.000676 0.025799 0.015605 0.004021 0.319115 0.004072 0.994627 0.008490 0.006039 0.888766 0.000001 0.000000 3.554765 0.775617 0.009078 0.118366 0.010156 0.000253 0.002009 0.137474 0.002210 0.007764 0.010123 0.075689 0.116082 1.250909 0.561104 8.859928 8.861191 8.861564 135.000000 0.000183 0.000109 0.000089 -83.256561 0.410773 0.000000 0.000000 17483.039062 -14677.755859 -168697.843750 165904.859375 386.456024 5.981444 0.001705 0.310147 0.004807 0.000001 0.528954 0.031733 0.000007 0.000000 0.000000 0.000600 0.006028 0.012480 3.600502 0.043839 0.000054 0.000000 2.371915 13.105141 0.000095 0.000011 0.000010 
0.000000 0.000000 0.000000 0.000569 0.000002 0.000006 0.001374 0.043582 0.000038 0.000000 4.144659 1.134222 0.000005 0.000008 0.000000 0.000000 0.000000 0.000000 0.000121 0.000000 0.000000 0.000001 0.056903 0.988330 0.991973 0.000008 1.000676 0.025799 0.015605 0.004022 0.319119 0.004079 0.994627 0.008492 0.006039 0.888767 0.000001 0.000000 3.554765 0.775617 0.009078 0.118366 0.010156 0.000253 0.002009 0.137474 0.002210 0.007764 0.010123 0.075689 0.116082 1.250909 0.561104 8.859977 8.861200 8.861564 135.000000 0.000183 0.000109 0.000089 -83.120476 0.410776 0.000000 0.000000 17483.039062 -14677.755859 -168697.843750 165904.859375 386.439850 5.979603 0.001681 0.327802 0.005080 0.000001 0.528939 0.031730 0.000007 0.000000 0.000000 0.000604 0.006144 0.012482 3.600502 0.043839 0.000054 0.000000 2.371937 13.105128 0.000085 0.000011 0.000010 0.000000 0.000000 0.000000 0.000569 0.000002 0.000006 0.001374 0.043582 0.000038 0.000000 
4.144662 1.134219 0.000005 0.000008 0.000000 0.000000 0.000000 0.000000 0.000121 0.000000 0.000000 0.000001 0.059888 0.988392 0.991981 0.000008 1.000676 0.025799 0.015605 0.004024 0.319123 0.004086 0.994626 0.008495 0.006039 0.888768 0.000001 0.000000 3.554765 0.775617 0.009078 0.118366 0.010156 0.000253 0.002009 0.137474 0.002210 0.007763 0.010123 0.075689 0.116082 1.250909 0.561104 8.860034 8.861212 8.861564 135.000000 0.000183 0.000109 0.000089 -82.984184 0.410780 0.000000 0.000000 17483.039062 -14677.755859 -168697.843750 165904.859375 386.423676 5.977763 0.001656 0.345455 0.005352 0.000001 0.528923 0.031727 0.000007 0.000000 0.000000 0.000608 0.006260 0.012485 3.600502 0.043839 0.000054 0.000000 2.371958 13.105116 0.000076 0.000011 0.000010 0.000000 0.000000 0.000000 0.000569 0.000002 0.000006 0.001374 0.043583 0.000038 0.000000 4.144665 1.134216 0.000004 0.000008 0.000000 0.000000 0.000000 0.000000 0.000121 0.000000 
0.000000 0.000001 0.062872 0.988455 0.991989 0.000008 1.000676 0.025799 0.015605 0.004025 0.319127 0.004094 0.994625 0.008497 0.006039 0.888769 0.000001 0.000000 3.554765 0.775617 0.009078 0.118366 0.010156 0.000253 0.002009 0.137474 0.002210 0.007763 0.010123 0.075689 0.116082 1.250910 0.561104 8.860102 8.861225 8.861564 135.000000 0.000183 0.000109 0.000089 -82.847557 0.410783 0.000000 0.000000 17483.039062 -14677.755859 -168697.843750 165904.859375 386.407501 5.975923 0.001632 0.363107 0.005625 0.000002 0.528906 0.031724 0.000007 0.000000 0.000000 0.000612 0.006377 0.012487 3.600502 0.043840 0.000054 0.000000 2.371980 13.105103 0.000067 0.000011 0.000010 0.000000 0.000000 0.000000 0.000569 0.000002 0.000006 0.001374 0.043583 0.000038 0.000000 4.144669 1.134213 0.000004 0.000008 0.000000 0.000000 0.000000 0.000000 0.000121 0.000000 0.000000 0.000001 0.065855 0.988517 0.991996 0.000008 1.000676 0.025799 0.015605 0.004026 
0.319131 0.004102 0.994625 0.008500 0.006039 0.888770 0.000001 0.000000 3.554765 0.775617 0.009078 0.118366 0.010156 0.000253 0.002009 0.137474 0.002210 0.007763 0.010123 0.075689 0.116081 1.250910 0.561105 8.860180 8.861240 8.861564 135.000000 0.000183 0.000109 0.000089 -82.710464 0.410786 0.000000 0.000000 17483.039062 -14677.755859 -168697.843750 165904.859375 386.391327 5.974083 0.001609 0.380758 0.005897 0.000002 0.528889 0.031721 0.000007 0.000000 0.000000 0.000616 0.006493 0.012489 3.600502 0.043840 0.000054 0.000000 2.372002 13.105091 0.000058 0.000011 0.000010 0.000000 0.000000 0.000000 0.000569 0.000002 0.000006 0.001374 0.043583 0.000038 0.000000 4.144672 1.134210 0.000003 0.000008 0.000000 0.000000 0.000000 0.000000 0.000121 0.000000 0.000000 0.000001 0.068837 0.988579 0.992004 0.000008 1.000676 0.025799 0.015605 0.004028 0.319134 0.004110 0.994624 0.008503 0.006039 0.888770 0.000001 0.000000 3.554765 0.775617 
0.009078 0.118366 0.010156 0.000253 0.002009 0.137474 0.002210 0.007762 0.010123 0.075689 0.116081 1.250910 0.561105 8.860270 8.861258 8.861564 135.000000 0.000183 0.000109 0.000089 -82.572769 0.410790 0.000000 0.000000 17483.039062 -14677.755859 -168697.843750 165904.859375 386.375153 5.972243 0.001585 0.398407 0.006169 0.000002 0.528871 0.031718 0.000007 0.000000 0.000000 0.000620 0.006610 0.012491 3.600501 0.043840 0.000054 0.000000 2.372023 13.105079 0.000048 0.000011 0.000010 0.000000 0.000000 0.000000 0.000569 0.000002 0.000006 0.001374 0.043583 0.000038 0.000000 4.144675 1.134208 0.000003 0.000008 0.000000 0.000000 0.000000 0.000000 0.000121 0.000000 0.000000 0.000001 0.071819 0.988641 0.992012 0.000009 1.000676 0.025799 0.015605 0.004029 0.319138 0.004119 0.994623 0.008506 0.006039 0.888771 0.000001 0.000000 3.554765 0.775617 0.009078 0.118366 0.010156 0.000253 0.002009 0.137474 0.002210 0.007762 0.010123 0.075688 
0.116081 1.250910 0.561105 8.860372 8.861278 8.861564 135.000000 0.000183 0.000109 0.000089 -82.434326 0.410793 0.000000 0.000000 17483.039062 -14677.755859 -168697.843750 165904.859375 386.358978 5.970403 0.001561 0.416054 0.006441 0.000002 0.528853 0.031715 0.000007 0.000000 0.000000 0.000623 0.006726 0.012494 3.600501 0.043841 0.000054 0.000000 2.372045 13.105066 0.000039 0.000011 0.000010 0.000000 0.000000 0.000000 0.000569 0.000002 0.000006 0.001374 0.043583 0.000038 0.000000 4.144679 1.134205 0.000002 0.000008 0.000000 0.000000 0.000000 0.000000 0.000121 0.000000 0.000000 0.000001 0.074800 0.988703 0.992020 0.000009 1.000676 0.025799 0.015605 0.004031 0.319142 0.004128 0.994622 0.008509 0.006039 0.888772 0.000001 0.000000 3.554765 0.775617 0.009078 0.118366 0.010156 0.000253 0.002009 0.137474 0.002210 0.007762 0.010123 0.075688 0.116081 1.250911 0.561105 8.860488 8.861300 8.861564 135.000000 0.000183 0.000109 0.000089 
-82.294991 0.410796 0.000000 0.000000 17483.039062 -14677.755859 -168697.843750 165904.859375 386.342804 5.968563 0.001538 0.433700 0.006713 0.000002 0.528834 0.031712 0.000007 0.000000 0.000000 0.000627 0.006843 0.012496 3.600501 0.043841 0.000054 0.000000 2.372067 13.105053 0.000030 0.000011 0.000010 0.000000 0.000000 0.000000 0.000569 0.000002 0.000006 0.001374 0.043583 0.000038 0.000000 4.144682 1.134202 0.000002 0.000008 0.000000 0.000000 0.000000 0.000000 0.000121 0.000000 0.000000 0.000001 0.077780 0.988764 0.992028 0.000009 1.000676 0.025799 0.015605 0.004033 0.319146 0.004138 0.994621 0.008513 0.006039 0.888773 0.000001 0.000000 3.554765 0.775617 0.009078 0.118366 0.010156 0.000253 0.002009 0.137474 0.002210 0.007762 0.010123 0.075688 0.116081 1.250911 0.561106 8.860620 8.861324 8.861564 135.000000 0.000183 0.000109 0.000089 -82.154617 0.410799 0.000000 0.000000 17483.039062 -14677.755859 -168697.843750 165904.859375 386.326630 5.966723 
0.001515 0.451344 0.006985 0.000002 0.528815 0.031709 0.000007 0.000000 0.000000 0.000631 0.006959 0.012498 3.600501 0.043841 0.000054 0.000000 2.372088 13.105040 0.000021 0.000011 0.000010 0.000000 0.000000 0.000000 0.000569 0.000002 0.000006 0.001374 0.043583 0.000038 0.000000 4.144685 1.134199 0.000001 0.000008 0.000000 0.000000 0.000000 0.000000 0.000121 0.000000 0.000000 0.000001 0.080759 0.988826 0.992036 0.000009 1.000676 0.025799 0.015605 0.004035 0.319150 0.004148 0.994620 0.008516 0.006039 0.888774 0.000001 0.000000 3.554765 0.775617 0.009078 0.118366 0.010156 0.000253 0.002009 0.137474 0.002210 0.007761 0.010123 0.075688 0.116081 1.250911 0.561106 8.860766 8.861352 8.861564 135.000000 0.000183 0.000109 0.000089 -82.013046 0.410803 0.000000 0.000000 17483.039062 -14677.755859 -168697.843750 165904.859375 386.310455 5.964884 0.001492 0.468987 0.007257 0.000002 0.528795 0.031706 0.000007 0.000000 0.000000 0.000634 
0.007076 0.012500 3.600500 0.043842 0.000054 0.000000 2.372110 13.105026 0.000013 0.000011 0.000010 0.000000 0.000000 0.000000 0.000569 0.000002 0.000006 0.001374 0.043583 0.000038 0.000000 4.144689 1.134196 0.000001 0.000008 0.000000 0.000000 0.000000 0.000000 0.000121 0.000000 0.000000 0.000001 0.083738 0.988887 0.992044 0.000009 1.000676 0.025799 0.015605 0.004036 0.319154 0.004158 0.994619 0.008520 0.006039 0.888775 0.000001 0.000000 3.554765 0.775617 0.009078 0.118366 0.010156 0.000253 0.002009 0.137474 0.002210 0.007761 0.010123 0.075688 0.116080 1.250911 0.561107 8.860930 8.861383 8.861564 135.000000 0.000183 0.000109 0.000089 -81.870117 0.410806 0.000000 0.000000 17483.039062 -14677.755859 -168697.843750 165904.859375 386.294281 5.963044 0.001469 0.486629 0.007528 0.000002 0.528774 0.031703 0.000007 0.000000 0.000000 0.000638 0.007193 0.012503 3.600500 0.043842 0.000054 0.000000 2.372132 13.105013 0.000004 0.000011 
0.000009 0.000000 0.000000 0.000000 0.000569 0.000002 0.000006 0.001374 0.043583 0.000038 0.000000 4.144692 1.134193 0.000000 0.000008 0.000000 0.000000 0.000000 0.000000 0.000121 0.000000 0.000000 0.000001 0.086716 0.988948 0.992052 0.000009 1.000676 0.025799 0.015605 0.004038 0.319157 0.004169 0.994618 0.008524 0.006040 0.888776 0.000001 0.000000 3.554765 0.775617 0.009078 0.118366 0.010156 0.000253 0.002009 0.137474 0.002210 0.007761 0.010123 0.075688 0.116080 1.250912 0.561106 8.861114 8.861418 8.861564 135.000000 0.000183 0.000109 0.000089 -81.725662 0.410809 0.000000 0.000000 17483.039062 -14677.755859 -168697.843750 165904.859375 386.278107 5.961205 0.001447 0.504269 0.007800 0.000002 0.528753 0.031700 0.000007 0.000000 0.000000 0.000642 0.007310 0.012505 3.600500 0.043842 0.000054 0.000000 2.372154 13.105000 -0.000005 0.000011 0.000009 0.000000 0.000000 0.000000 0.000569 0.000002 0.000006 0.001374 0.043584 0.000038 
0.000000 4.144695 1.134190 -0.000000 0.000008 0.000000 0.000000 0.000000 0.000000 0.000121 0.000000 0.000000 0.000001 0.089694 0.989010 0.992059 0.000009 1.000676 0.025799 0.015605 0.004040 0.319161 0.004180 0.994617 0.008528 0.006040 0.888777 0.000001 0.000000 3.554765 0.775617 0.009078 0.118366 0.010156 0.000253 0.002009 0.137474 0.002210 0.007761 0.010123 0.075688 0.116080 1.250912 0.561107 8.861316 8.861456 8.861564 135.000000 0.000183 0.000109 0.000089 -81.579514 0.410813 0.000000 0.000000 17483.039062 -14677.755859 -168697.843750 165904.859375 386.261932 5.959365 0.001425 0.521908 0.008071 0.000002 0.528731 0.031697 0.000007 0.000000 0.000000 0.000645 0.007426 0.012507 3.600500 0.043842 0.000054 0.000000 2.372175 13.104986 -0.000013 0.000011 0.000009 0.000000 0.000000 0.000000 0.000569 0.000002 0.000006 0.001374 0.043584 0.000038 0.000000 4.144699 1.134187 -0.000001 0.000008 0.000000 0.000000 0.000000 0.000000 0.000121 
0.000000 0.000000 0.000001 0.092670 0.989071 0.992067 0.000010 1.000676 0.025799 0.015605 0.004042 0.319165 0.004192 0.994616 0.008532 0.006040 0.888778 0.000001 0.000000 3.554765 0.775617 0.009078 0.118366 0.010156 0.000253 0.002009 0.137474 0.002210 0.007761 0.010123 0.075687 0.116080 1.250912 0.561107 8.861539 8.861498 8.861564 135.000000 0.000183 0.000109 0.000089 -81.431496 0.410816 0.000000 0.000000 17483.039062 -14677.755859 -168697.843750 165904.859375 386.245758 5.957526 0.001402 0.539545 0.008342 0.000002 0.528708 0.031694 0.000007 0.000000 0.000000 0.000649 0.007543 0.012510 3.600499 0.043843 0.000054 0.000000 2.372197 13.104973 -0.000022 0.000011 0.000009 0.000000 0.000000 0.000000 0.000569 0.000002 0.000006 0.001374 0.043584 0.000038 0.000000 4.144702 1.134184 -0.000001 0.000008 0.000000 0.000000 0.000000 0.000000 0.000121 0.000000 0.000000 0.000001 0.095646 0.989131 0.992075 0.000010 1.000676 0.025799 0.015605 
0.004045 0.319169 0.004204 0.994615 0.008537 0.006040 0.888778 0.000001 0.000000 3.554765 0.775617 0.009078 0.118366 0.010156 0.000253 0.002009 0.137474 0.002210 0.007761 0.010123 0.075687 0.116080 1.250913 0.561107 8.861785 8.861544 8.861564 135.000000 0.000184 0.000109 0.000089 -81.281433 0.410819 0.000000 0.000000 17483.039062 -14677.755859 -168697.843750 165904.859375 386.229584 5.955687 0.001380 0.557181 0.008613 0.000002 0.528686 0.031690 0.000007 0.000000 0.000000 0.000653 0.007660 0.012512 3.600499 0.043843 0.000054 0.000000 2.372219 13.104959 -0.000030 0.000011 0.000009 0.000000 0.000000 0.000000 0.000570 0.000002 0.000006 0.001374 0.043584 0.000038 0.000000 4.144705 1.134181 -0.000002 0.000008 0.000000 0.000000 0.000000 0.000000 0.000121 0.000000 0.000000 0.000001 0.099501 0.989210 0.992085 0.000010 1.000676 0.025798 0.015605 0.004047 0.319174 0.004220 0.994614 0.008543 0.006040 0.888780 0.000001 0.000000 3.554765 
0.775617 0.009078 0.118366 0.010156 0.000253 0.002009 0.137474 0.002210 0.007760 0.010123 0.075687 0.116079 1.250918 0.561102 8.862139 8.861609 8.861564 135.000000 0.000184 0.000109 0.000089 -81.083656 0.410824 0.000000 0.000000 17483.039062 -14677.755859 -168697.843750 165904.859375 386.208618 5.953303 0.001352 0.580028 0.008964 0.000002 0.528655 0.031686 0.000007 0.000000 0.000000 0.000657 0.007811 0.012515 3.600499 0.043844 0.000054 0.000000 2.372247 13.104942 -0.000041 0.000011 0.000009 0.000000 0.000000 0.000000 0.000570 0.000002 0.000006 0.001374 0.043584 0.000038 0.000000 4.144710 1.134177 -0.000002 0.000008 0.000000 0.000000 0.000000 0.000000 0.000121 0.000000 0.000000 0.000001 0.102476 0.989271 0.992093 0.000010 1.000676 0.025798 0.015605 0.004050 0.319178 0.004234 0.994612 0.008547 0.006040 0.888780 0.000001 0.000000 3.554765 0.775617 0.009078 0.118365 0.010156 0.000253 0.002009 0.137474 0.002210 0.007760 0.010123 
0.075687 0.116079 1.250913 0.561107 8.862440 8.861664 8.861564 135.000000 0.000184 0.000109 0.000089 -80.928185 0.410827 0.000000 0.000000 17483.039062 -14677.755859 -168697.843750 165904.859375 386.192444 5.951464 0.001330 0.597661 0.009235 0.000002 0.528631 0.031683 0.000007 0.000000 0.000000 0.000661 0.007928 0.012518 3.600498 0.043844 0.000054 0.000000 2.372269 13.104929 -0.000050 0.000011 0.000009 0.000000 0.000000 0.000000 0.000570 0.000002 0.000006 0.001374 0.043584 0.000038 0.000000 4.144713 1.134174 -0.000003 0.000008 0.000000 0.000000 0.000000 0.000000 0.000121 0.000000 0.000000 0.000001 0.105450 0.989331 0.992101 0.000010 1.000676 0.025798 0.015605 0.004052 0.319182 0.004247 0.994611 0.008553 0.006040 0.888781 0.000001 0.000000 3.554765 0.775617 0.009078 0.118365 0.010156 0.000253 0.002009 0.137474 0.002210 0.007760 0.010123 0.075687 0.116079 1.250913 0.561108 8.862768 8.861724 8.861564 135.000000 0.000184 0.000109 
0.000089 -80.770042 0.410830 0.000000 0.000000 17483.039062 -14677.755859 -168697.843750 165904.859375 386.176270 5.949625 0.001309 0.615292 0.009506 0.000002 0.528606 0.031680 0.000007 0.000000 0.000000 0.000664 0.008045 0.012520 3.600498 0.043844 0.000054 0.000000 2.372290 13.104916 -0.000058 0.000011 0.000009 0.000000 0.000000 0.000000 0.000570 0.000002 0.000006 0.001374 0.043584 0.000038 0.000000 4.144716 1.134171 -0.000003 0.000008 0.000000 0.000000 0.000000 0.000000 0.000121 0.000000 0.000000 0.000001 0.109398 0.989411 0.992111 0.000011 1.000676 0.025798 0.015604 0.004056 0.319187 0.004266 0.994609 0.008560 0.006040 0.888783 0.000001 0.000000 3.554765 0.775617 0.009078 0.118365 0.010156 0.000253 0.002009 0.137474 0.002210 0.007760 0.010123 0.075687 0.116079 1.250912 0.561109 8.863248 8.861811 8.861564 135.000000 0.000184 0.000109 0.000089 -80.555565 0.410835 0.000000 0.000000 17483.039062 -14677.755859 -168697.843750 165904.859375 386.154816 
5.947183 0.001281 0.638702 0.009865 0.000002 0.528572 0.031676 0.000007 0.000000 0.000000 0.000669 0.008200 0.012523 3.600498 0.043845 0.000054 0.000000 2.372319 13.104897 -0.000069 0.000011 0.000009 0.000000 0.000000 0.000000 0.000570 0.000002 0.000006 0.001374 0.043584 0.000038 0.000000 4.144721 1.134168 -0.000004 0.000008 0.000000 0.000000 0.000000 0.000000 0.000121 0.000000 0.000000 0.000001 0.112371 0.989471 0.992119 0.000011 1.000677 0.025798 0.015604 0.004058 0.319191 0.004280 0.994608 0.008565 0.006040 0.888783 0.000001 0.000000 3.554765 0.775617 0.009078 0.118365 0.010156 0.000253 0.002009 0.137474 0.002210 0.007760 0.010123 0.075687 0.116079 1.250914 0.561108 8.863644 8.861882 8.861564 135.000000 0.000184 0.000109 0.000089 -80.390419 0.410838 0.000000 0.000000 17483.039062 -14677.755859 -168697.843750 165904.859375 386.138641 5.945343 0.001260 0.656330 0.010135 0.000002 0.528546 0.031673 0.000007 0.000000 0.000000 
0.000673 0.008317 0.012526 3.600497 0.043845 0.000054 0.000000 2.372341 13.104884 -0.000077 0.000011 0.000009 0.000000 0.000000 0.000000 0.000570 0.000002 0.000006 0.001374 0.043585 0.000038 0.000000 4.144724 1.134165 -0.000004 0.000008 0.000000 0.000000 0.000000 0.000000 0.000121 0.000000 0.000000 0.000001 0.115343 0.989531 0.992127 0.000011 1.000677 0.025798 0.015604 0.004061 0.319195 0.004296 0.994606 0.008571 0.006041 0.888784 0.000001 0.000000 3.554765 0.775617 0.009078 0.118365 0.010156 0.000253 0.002009 0.137474 0.002210 0.007760 0.010123 0.075687 0.116078 1.250914 0.561108 8.864071 8.861959 8.861564 135.000000 0.000184 0.000109 0.000089 -80.221916 0.410842 0.000000 0.000000 17483.039062 -14677.755859 -168697.843750 165904.859375 386.122467 5.943504 0.001239 0.673956 0.010405 0.000002 0.528520 0.031670 0.000007 0.000000 0.000000 0.000677 0.008434 0.012528 3.600497 0.043845 0.000054 0.000000 2.372363 13.104870 -0.000085 
0.000011 0.000009 0.000000 0.000000 0.000000 0.000570 0.000002 0.000006 0.001374 0.043585 0.000038 0.000000 4.144727 1.134162 -0.000005 0.000008 0.000000 0.000000 0.000000 0.000000 0.000121 0.000000 0.000000 0.000001 0.118314 0.989591 0.992135 0.000011 1.000677 0.025798 0.015604 0.004064 0.319199 0.004311 0.994605 0.008577 0.006041 0.888785 0.000001 0.000000 3.554765 0.775617 0.009078 0.118365 0.010156 0.000253 0.002009 0.137474 0.002210 0.007760 0.010123 0.075686 0.116078 1.250915 0.561109 8.864532 8.862041 8.861565 135.000000 0.000184 0.000109 0.000089 -80.049843 0.410845 0.000000 0.000000 17483.039062 -14677.755859 -168697.843750 165904.859375 386.106293 5.941665 0.001218 0.691580 0.010675 0.000002 0.528493 0.031666 0.000007 0.000000 0.000000 0.000680 0.008551 0.012531 3.600497 0.043845 0.000054 0.000000 2.372384 13.104856 -0.000093 0.000011 0.000009 0.000000 0.000000 0.000000 0.000570 0.000002 0.000006 0.001374 0.043585 
0.000038 0.000000 4.144731 1.134159 -0.000005 0.000008 0.000000 0.000000 0.000000 0.000000 0.000121 0.000000 0.000000 0.000001 0.121285 0.989651 0.992142 0.000012 1.000677 0.025798 0.015604 0.004067 0.319203 0.004327 0.994603 0.008584 0.006041 0.888786 0.000001 0.000000 3.554765 0.775617 0.009078 0.118365 0.010156 0.000253 0.002009 0.137474 0.002210 0.007760 0.010123 0.075686 0.116078 1.250915 0.561109 8.865026 8.862129 8.861566 135.000000 0.000184 0.000109 0.000089 -79.873978 0.410848 0.000000 0.000000 17483.039062 -14677.755859 -168697.843750 165904.859375 386.090118 5.939826 0.001197 0.709203 0.010945 0.000002 0.528466 0.031663 0.000007 0.000000 0.000000 0.000684 0.008668 0.012533 3.600497 0.043846 0.000054 0.000000 2.372406 13.104841 -0.000101 0.000011 0.000009 0.000000 0.000000 0.000000 0.000570 0.000002 0.000006 0.001374 0.043585 0.000038 0.000000 4.144734 1.134156 -0.000006 0.000008 0.000000 0.000000 0.000000 0.000000 
0.000121 0.000000 0.000000 0.000001 0.124256 0.989710 0.992150 0.000012 1.000677 0.025798 0.015604 0.004070 0.319207 0.004344 0.994602 0.008590 0.006041 0.888787 0.000001 0.000000 3.554765 0.775617 0.009078 0.118365 0.010157 0.000253 0.002009 0.137474 0.002210 0.007761 0.010123 0.075686 0.116078 1.250915 0.561109 8.865557 8.862224 8.861567 135.000000 0.000184 0.000109 0.000089 -79.694099 0.410852 0.000000 0.000000 17483.039062 -14677.755859 -168697.843750 165904.859375 386.073944 5.937988 0.001177 0.726825 0.011215 0.000002 0.528438 0.031660 0.000007 0.000000 0.000000 0.000687 0.008785 0.012536 3.600497 0.043846 0.000054 0.000000 2.372428 13.104827 -0.000109 0.000011 0.000009 0.000000 0.000000 0.000000 0.000570 0.000002 0.000006 0.001374 0.043585 0.000038 0.000000 4.144737 1.134153 -0.000006 0.000008 0.000000 0.000000 0.000000 0.000000 0.000121 0.000000 0.000000 0.000001 0.127225 0.989770 0.992158 0.000012 1.000677 0.025798 
0.015604 0.004073 0.319211 0.004361 0.994600 0.008597 0.006041 0.888788 0.000001 0.000000 3.554765 0.775617 0.009078 0.118365 0.010157 0.000253 0.002009 0.137474 0.002210 0.007761 0.010123 0.075686 0.116078 1.250915 0.561109 8.866125 8.862324 8.861567 135.000000 0.000184 0.000109 0.000089 -79.509979 0.410855 0.000000 0.000000 17483.039062 -14677.755859 -168697.843750 165904.859375 386.057800 5.936149 0.001157 0.744445 0.011485 0.000002 0.528409 0.031657 0.000007 0.000000 0.000000 0.000691 0.008901 0.012538 3.600496 0.043846 0.000054 0.000000 2.372449 13.104813 -0.000117 0.000011 0.000009 0.000000 0.000000 0.000000 0.000570 0.000002 0.000006 0.001374 0.043585 0.000038 0.000000 4.144741 1.134150 -0.000007 0.000008 0.000000 0.000000 0.000000 0.000000 0.000121 0.000000 0.000000 0.000001 0.130195 0.989829 0.992166 0.000012 1.000677 0.025798 0.015604 0.004077 0.319215 0.004379 0.994598 0.008604 0.006041 0.888789 0.000001 0.000000 
3.554765 0.775617 0.009078 0.118365 0.010157 0.000253 0.002009 0.137474 0.002210 0.007761 0.010123 0.075686 0.116078 1.250916 0.561110 8.866732 8.862431 8.861568 135.000000 0.000184 0.000109 0.000089 -79.321388 0.410858 0.000000 0.000000 17483.039062 -14677.755859 -168697.843750 165904.859375 386.041656 5.934310 0.001137 0.762064 0.011755 0.000002 0.528380 0.031654 0.000007 0.000000 0.000000 0.000695 0.009018 0.012541 3.600496 0.043847 0.000054 0.000000 2.372471 13.104798 -0.000125 0.000011 0.000009 0.000000 0.000000 0.000000 0.000570 0.000002 0.000006 0.001374 0.043585 0.000038 0.000000 4.144744 1.134147 -0.000007 0.000008 0.000000 0.000000 0.000000 0.000000 0.000121 0.000000 0.000000 0.000001 0.133799 0.989901 0.992175 0.000013 1.000677 0.025798 0.015604 0.004081 0.319219 0.004402 0.994596 0.008613 0.006042 0.888790 0.000001 0.000000 3.554765 0.775617 0.009078 0.118365 0.010157 0.000253 0.002009 0.137474 0.002210 0.007761 
0.010123 0.075686 0.116077 1.250915 0.561111 8.867523 8.862570 8.861569 135.000000 0.000184 0.000109 0.000089 -79.086044 0.410863 0.000000 0.000000 17483.039062 -14677.755859 -168697.843750 165904.859375 386.022034 5.932078 0.001112 0.783454 0.012082 0.000002 0.528344 0.031650 0.000007 0.000000 0.000000 0.000699 0.009161 0.012544 3.600496 0.043847 0.000054 0.000000 2.372498 13.104781 -0.000134 0.000011 0.000009 0.000000 0.000000 0.000000 0.000570 0.000002 0.000006 0.001374 0.043585 0.000038 0.000000 4.144748 1.134143 -0.000008 0.000008 0.000000 0.000000 0.000000 0.000000 0.000121 0.000000 0.000000 0.000001 0.136768 0.989960 0.992183 0.000013 1.000677 0.025798 0.015604 0.004085 0.319223 0.004421 0.994594 0.008621 0.006042 0.888791 0.000001 0.000000 3.554765 0.775617 0.009078 0.118365 0.010157 0.000253 0.002009 0.137474 0.002210 0.007761 0.010123 0.075686 0.116077 1.250916 0.561110 8.868222 8.862692 8.861570 135.000000 0.000184 
0.000109 0.000089 -78.886688 0.410866 0.000000 0.000000 17483.039062 -14677.755859 -168697.843750 165904.859375 386.005890 5.930239 0.001093 0.801069 0.012351 0.000002 0.528314 0.031646 0.000007 0.000000 0.000000 0.000703 0.009278 0.012546 3.600495 0.043847 0.000054 0.000000 2.372519 13.104767 -0.000141 0.000011 0.000009 0.000000 0.000000 0.000000 0.000570 0.000002 0.000006 0.001374 0.043586 0.000038 0.000000 4.144751 1.134140 -0.000008 0.000008 0.000000 0.000000 0.000000 0.000000 0.000121 0.000000 0.000000 0.000001 0.139736 0.990019 0.992190 0.000013 1.000678 0.025798 0.015604 0.004088 0.319227 0.004441 0.994592 0.008629 0.006042 0.888792 0.000001 0.000000 3.554765 0.775617 0.009078 0.118365 0.010157 0.000253 0.002009 0.137474 0.002210 0.007761 0.010123 0.075686 0.116077 1.250917 0.561110 8.868965 8.862821 8.861571 135.000000 0.000184 0.000109 0.000089 -78.682076 0.410869 0.000000 0.000000 17483.039062 -14677.755859 -168697.843750 165904.859375 
385.989746 5.928400 0.001073 0.818683 0.012620 0.000002 0.528284 0.031643 0.000007 0.000000 0.000000 0.000707 0.009395 0.012549 3.600495 0.043848 0.000054 0.000000 2.372541 13.104753 -0.000149 0.000011 0.000009 0.000000 0.000000 0.000000 0.000570 0.000002 0.000006 0.001374 0.043586 0.000038 0.000000 4.144754 1.134137 -0.000009 0.000008 0.000000 0.000000 0.000000 0.000000 0.000121 0.000000 0.000000 0.000001 0.142703 0.990078 0.992198 0.000014 1.000678 0.025798 0.015604 0.004092 0.319231 0.004462 0.994590 0.008638 0.006042 0.888793 0.000001 0.000000 3.554765 0.775617 0.009078 0.118365 0.010157 0.000253 0.002009 0.137474 0.002210 0.007762 0.010123 0.075686 0.116077 1.250917 0.561111 8.869754 8.862957 8.861573 135.000000 0.000184 0.000109 0.000089 -78.471954 0.410873 0.000000 0.000000 17483.039062 -14677.755859 -168697.843750 165904.859375 385.973602 5.926561 0.001054 0.836296 0.012889 0.000002 0.528253 0.031640 0.000007 0.000000 
0.000000 0.000710 0.009512 0.012552 3.600495 0.043848 0.000054 0.000000 2.372563 13.104738 -0.000157 0.000011 0.000009 0.000000 0.000000 0.000000 0.000570 0.000002 0.000006 0.001374 0.043586 0.000038 0.000000 4.144758 1.134134 -0.000009 0.000008 0.000000 0.000000 0.000000 0.000000 0.000121 0.000000 0.000000 0.000001 0.145670 0.990137 0.992206 0.000014 1.000678 0.025798 0.015604 0.004096 0.319235 0.004483 0.994587 0.008647 0.006043 0.888793 0.000001 0.000000 3.554765 0.775617 0.009078 0.118365 0.010157 0.000253 0.002009 0.137474 0.002210 0.007762 0.010123 0.075686 0.116077 1.250917 0.561111 8.870590 8.863101 8.861575 135.000000 0.000184 0.000109 0.000089 -78.256073 0.410876 0.000000 0.000000 17483.039062 -14677.755859 -168697.843750 165904.859375 385.957458 5.924722 0.001034 0.853907 0.013158 0.000002 0.528221 0.031637 0.000007 0.000000 0.000000 0.000714 0.009629 0.012554 3.600495 0.043848 0.000054 0.000000 2.372584 13.104724 
-0.000164 0.000011 0.000009 0.000000 0.000000 0.000000 0.000570 0.000002 0.000006 0.001374 0.043586 0.000038 0.000000 4.144761 1.134131 -0.000009 0.000008 0.000000 0.000000 0.000000 0.000000 0.000121 0.000000 0.000000 0.000001 0.149554 0.990213 0.992216 0.000015 1.000678 0.025798 0.015604 0.004102 0.319241 0.004513 0.994584 0.008659 0.006043 0.888795 0.000001 0.000000 3.554765 0.775617 0.009078 0.118365 0.010157 0.000253 0.002008 0.137474 0.002210 0.007762 0.010123 0.075686 0.116076 1.250916 0.561112 8.871759 8.863302 8.861578 135.000000 0.000184 0.000109 0.000089 -77.964279 0.410881 0.000000 0.000000 17483.039062 -14677.755859 -168697.843750 165904.859375 385.936310 5.922314 0.001009 0.876962 0.013510 0.000002 0.528180 0.031632 0.000007 0.000000 0.000000 0.000719 0.009782 0.012558 3.600494 0.043849 0.000054 0.000000 2.372613 13.104705 -0.000174 0.000011 0.000009 0.000000 0.000000 0.000000 0.000570 0.000002 0.000006 0.001374 
0.043586 0.000038 0.000000 4.144765 1.134127 -0.000010 0.000008 0.000000 0.000000 0.000000 0.000000 0.000121 0.000000 0.000000 0.000001 0.152521 0.990272 0.992224 0.000015 1.000678 0.025798 0.015604 0.004106 0.319245 0.004536 0.994582 0.008669 0.006043 0.888795 0.000001 0.000000 3.554765 0.775617 0.009078 0.118365 0.010157 0.000253 0.002008 0.137474 0.002210 0.007763 0.010123 0.075686 0.116076 1.250918 0.561111 8.872711 8.863465 8.861580 135.000000 0.000184 0.000109 0.000089 -77.734077 0.410884 0.000000 0.000000 17483.039062 -14677.755859 -168697.843750 165904.859375 385.920166 5.920475 0.000990 0.894570 0.013779 0.000002 0.528147 0.031629 0.000007 0.000000 0.000000 0.000723 0.009900 0.012560 3.600494 0.043849 0.000054 0.000000 2.372635 13.104691 -0.000181 0.000011 0.000009 0.000000 0.000000 0.000000 0.000570 0.000002 0.000006 0.001374 0.043586 0.000038 0.000000 4.144769 1.134124 -0.000010 0.000008 0.000000 0.000000 0.000000 
0.000000 0.000121 0.000000 0.000000 0.000001 0.155487 0.990330 0.992231 0.000015 1.000678 0.025798 0.015604 0.004111 0.319249 0.004560 0.994579 0.008679 0.006043 0.888796 0.000001 0.000000 3.554765 0.775617 0.009078 0.118365 0.010157 0.000253 0.002008 0.137474 0.002210 0.007763 0.010123 0.075686 0.116076 1.250918 0.561112 8.873716 8.863636 8.861582 135.000000 0.000184 0.000109 0.000089 -77.497231 0.410888 0.000000 0.000000 17483.039062 -14677.755859 -168697.843750 165904.859375 385.904022 5.918635 0.000972 0.912176 0.014047 0.000002 0.528114 0.031626 0.000007 0.000000 0.000000 0.000726 0.010017 0.012563 3.600494 0.043849 0.000054 0.000000 2.372656 13.104676 -0.000188 0.000011 0.000009 0.000000 0.000000 0.000000 0.000570 0.000002 0.000006 0.001374 0.043586 0.000038 0.000000 4.144772 1.134121 -0.000011 0.000008 0.000000 0.000000 0.000000 0.000000 0.000121 0.000000 0.000000 0.000001 0.158755 0.990394 0.992240 0.000016 1.000678 
0.025798 0.015604 0.004116 0.319253 0.004587 0.994576 0.008691 0.006044 0.888797 0.000001 0.000000 3.554765 0.775617 0.009078 0.118365 0.010157 0.000253 0.002008 0.137474 0.002210 0.007764 0.010123 0.075686 0.116076 1.250917 0.561113 8.874887 8.863834 8.861585 135.000000 0.000184 0.000109 0.000089 -77.228203 0.410891 0.000000 0.000000 17483.039062 -14677.755859 -168697.843750 165904.859375 385.886230 5.916608 0.000951 0.931576 0.014343 0.000002 0.528077 0.031622 0.000007 0.000000 0.000000 0.000730 0.010146 0.012566 3.600493 0.043850 0.000054 0.000000 2.372680 13.104660 -0.000196 0.000011 0.000009 0.000000 0.000000 0.000000 0.000570 0.000002 0.000006 0.001374 0.043586 0.000038 0.000000 4.144776 1.134118 -0.000011 0.000008 0.000000 0.000000 0.000000 0.000000 0.000121 0.000000 0.000000 0.000001 0.161720 0.990453 0.992247 0.000016 1.000678 0.025798 0.015604 0.004121 0.319257 0.004613 0.994573 0.008702 0.006044 0.888798 0.000001 
0.000000 3.554765 0.775617 0.009078 0.118365 0.010157 0.000253 0.002008 0.137474 0.002210 0.007764 0.010123 0.075686 0.116076 1.250918 0.561112 8.876008 8.864024 8.861588 135.000000 0.000184 0.000109 0.000089 -76.976494 0.410895 0.000000 0.000000 17483.039062 -14677.755859 -168697.843750 165904.859375 385.870087 5.914769 0.000932 0.949179 0.014611 0.000002 0.528044 0.031619 0.000007 0.000000 0.000000 0.000734 0.010263 0.012569 3.600493 0.043850 0.000054 0.000000 2.372702 13.104646 -0.000203 0.000011 0.000009 0.000000 0.000000 0.000000 0.000570 0.000002 0.000006 0.001374 0.043587 0.000038 0.000000 4.144779 1.134115 -0.000012 0.000008 0.000000 0.000000 0.000000 0.000000 0.000121 0.000000 0.000000 0.000001 0.164685 0.990511 0.992255 0.000017 1.000679 0.025798 0.015604 0.004126 0.319261 0.004640 0.994570 0.008714 0.006044 0.888799 0.000001 0.000000 3.554765 0.775617 0.009078 0.118365 0.010157 0.000253 0.002008 0.137474 0.002210 
0.007765 0.010123 0.075686 0.116076 1.250919 0.561112 8.877188 8.864223 8.861590 135.000000 0.000184 0.000109 0.000089 -76.717270 0.410898 0.000000 0.000000 17483.039062 -14677.755859 -168697.843750 165904.859375 385.853943 5.912929 0.000914 0.966781 0.014879 0.000002 0.528009 0.031615 0.000007 0.000000 0.000000 0.000738 0.010381 0.012571 3.600493 0.043850 0.000054 0.000000 2.372724 13.104630 -0.000210 0.000011 0.000009 0.000000 0.000000 0.000000 0.000570 0.000002 0.000006 0.001374 0.043587 0.000038 0.000000 4.144783 1.134112 -0.000012 0.000008 0.000000 0.000000 0.000000 0.000000 0.000121 0.000000 0.000000 0.000001 0.167650 0.990569 0.992263 0.000017 1.000679 0.025798 0.015604 0.004131 0.319265 0.004668 0.994567 0.008726 0.006045 0.888800 0.000001 0.000000 3.554765 0.775617 0.009078 0.118365 0.010157 0.000253 0.002008 0.137474 0.002210 0.007765 0.010123 0.075686 0.116075 1.250919 0.561113 8.878427 8.864430 8.861593 135.000000 
0.000184 0.000109 0.000089 -76.450241 0.410902 0.000000 0.000000 17483.039062 -14677.755859 -168697.843750 165904.859375 385.837799 5.911089 0.000896 0.984381 0.015147 0.000002 0.527975 0.031612 0.000007 0.000000 0.000000 0.000742 0.010498 0.012574 3.600493 0.043851 0.000054 0.000000 2.372746 13.104615 -0.000217 0.000011 0.000009 0.000000 0.000000 0.000000 0.000570 0.000002 0.000006 0.001374 0.043587 0.000038 0.000000 4.144786 1.134109 -0.000012 0.000008 0.000000 0.000000 0.000000 0.000000 0.000122 0.000000 0.000000 0.000001 0.170615 0.990626 0.992270 0.000018 1.000679 0.025798 0.015604 0.004137 0.319269 0.004697 0.994564 0.008739 0.006045 0.888801 0.000001 0.000000 3.554765 0.775617 0.009078 0.118365 0.010157 0.000253 0.002008 0.137474 0.002210 0.007766 0.010123 0.075686 0.116075 1.250919 0.561113 8.879726 8.864648 8.861597 135.000000 0.000184 0.000109 0.000089 -76.175117 0.410905 0.000000 0.000000 17483.039062 -14677.755859 -168697.843750 
165904.859375 385.821655 5.909249 0.000878 1.001980 0.015415 0.000002 0.527939 0.031609 0.000007 0.000000 0.000000 0.000745 0.010616 0.012577 3.600492 0.043851 0.000054 0.000000 2.372767 13.104600 -0.000224 0.000011 0.000009 0.000000 0.000000 0.000000 0.000570 0.000002 0.000006 0.001374 0.043587 0.000038 0.000000 4.144789 1.134106 -0.000013 0.000008 0.000000 0.000000 0.000000 0.000000 0.000122 0.000000 0.000000 0.000001 0.173580 0.990684 0.992278 0.000018 1.000679 0.025798 0.015604 0.004143 0.319274 0.004728 0.994561 0.008752 0.006045 0.888802 0.000001 0.000000 3.554765 0.775617 0.009078 0.118365 0.010157 0.000253 0.002008 0.137474 0.002210 0.007766 0.010123 0.075686 0.116075 1.250919 0.561113 8.881089 8.864875 8.861601 135.000000 0.000185 0.000109 0.000089 -75.891609 0.410909 0.000000 0.000000 17483.039062 -14677.755859 -168697.843750 165904.859375 385.805511 5.907409 0.000860 1.019577 0.015683 0.000002 0.527904 0.031605 0.000007 
0.000000 0.000000 0.000749 0.010733 0.012579 3.600492 0.043851 0.000054 0.000000 2.372789 13.104585 -0.000231 0.000011 0.000009 0.000000 0.000000 0.000000 0.000570 0.000002 0.000006 0.001374 0.043587 0.000038 0.000000 4.144793 1.134103 -0.000013 0.000008 0.000000 0.000000 0.000000 0.000000 0.000122 0.000000 0.000000 0.000001 0.176545 0.990742 0.992286 0.000019 1.000679 0.025798 0.015603 0.004149 0.319278 0.004759 0.994557 0.008766 0.006046 0.888802 0.000001 0.000000 3.554765 0.775617 0.009078 0.118365 0.010157 0.000253 0.002008 0.137474 0.002210 0.007767 0.010123 0.075686 0.116075 1.250920 0.561113 8.882517 8.865111 8.861605 135.000000 0.000185 0.000109 0.000089 -75.599403 0.410913 0.000000 0.000000 17483.039062 -14677.755859 -168697.843750 165904.859375 385.789368 5.905569 0.000842 1.037173 0.015951 0.000002 0.527868 0.031602 0.000007 0.000000 0.000000 0.000753 0.010851 0.012582 3.600492 0.043851 0.000054 0.000000 2.372811 
13.104569 -0.000238 0.000011 0.000009 0.000000 0.000000 0.000000 0.000570 0.000002 0.000006 0.001374 0.043587 0.000038 0.000000 4.144796 1.134100 -0.000014 0.000008 0.000000 0.000000 0.000000 0.000000 0.000122 0.000000 0.000000 0.000001 0.179509 0.990799 0.992293 0.000020 1.000679 0.025798 0.015603 0.004155 0.319282 0.004792 0.994553 0.008781 0.006046 0.888803 0.000001 0.000000 3.554765 0.775617 0.009078 0.118365 0.010157 0.000253 0.002008 0.137474 0.002210 0.007768 0.010123 0.075686 0.116075 1.250920 0.561113 8.884011 8.865358 8.861609 135.000000 0.000185 0.000109 0.000089 -75.298203 0.410916 0.000000 0.000000 17483.039062 -14677.755859 -168697.843750 165904.859375 385.773224 5.903728 0.000824 1.054768 0.016218 0.000002 0.527832 0.031599 0.000007 0.000000 0.000000 0.000757 0.010969 0.012585 3.600492 0.043852 0.000054 0.000000 2.372832 13.104554 -0.000245 0.000011 0.000009 0.000000 0.000000 0.000000 0.000570 0.000002 0.000006 
0.001374 0.043587 0.000038 0.000000 4.144799 1.134097 -0.000014 0.000008 0.000000 0.000000 0.000000 0.000000 0.000122 0.000000 0.000000 0.000001 0.182474 0.990856 0.992301 0.000020 1.000679 0.025797 0.015603 0.004161 0.319286 0.004826 0.994550 0.008797 0.006046 0.888804 0.000001 0.000000 3.554765 0.775617 0.009078 0.118365 0.010157 0.000253 0.002008 0.137474 0.002210 0.007769 0.010123 0.075686 0.116075 1.250920 0.561114 8.885573 8.865616 8.861614 135.000000 0.000185 0.000109 0.000089 -74.987694 0.410920 0.000000 0.000000 17483.039062 -14677.755859 -168697.843750 165904.859375 385.757080 5.901888 0.000807 1.072361 0.016485 0.000002 0.527795 0.031595 0.000007 0.000000 0.000000 0.000761 0.011086 0.012588 3.600492 0.043852 0.000054 0.000000 2.372854 13.104539 -0.000252 0.000011 0.000009 0.000000 0.000000 0.000000 0.000570 0.000002 0.000006 0.001374 0.043587 0.000038 0.000000 4.144803 1.134094 -0.000014 0.000008 0.000000 0.000000 
0.000000 0.000000 0.000122 0.000000 0.000000 0.000001 0.185438 0.990914 0.992308 0.000021 1.000679 0.025797 0.015603 0.004168 0.319290 0.004861 0.994545 0.008813 0.006047 0.888805 0.000001 0.000000 3.554765 0.775617 0.009078 0.118365 0.010157 0.000253 0.002008 0.137474 0.002210 0.007769 0.010123 0.075686 0.116074 1.250921 0.561114 8.887205 8.865884 8.861619 135.000000 0.000185 0.000109 0.000089 -74.667572 0.410923 0.000000 0.000000 17483.039062 -14677.755859 -168697.843750 165904.859375 385.740936 5.900047 0.000789 1.089952 0.016753 0.000002 0.527758 0.031592 0.000007 0.000000 0.000000 0.000765 0.011204 0.012591 3.600491 0.043852 0.000054 0.000000 2.372876 13.104524 -0.000258 0.000011 0.000009 0.000000 0.000000 0.000000 0.000570 0.000002 0.000006 0.001374 0.043587 0.000038 0.000000 4.144806 1.134091 -0.000015 0.000008 0.000000 0.000000 0.000000 0.000000 0.000122 0.000000 0.000000 0.000001 0.188403 0.990971 0.992316 0.000022 
1.000679 0.025797 0.015603 0.004175 0.319294 0.004898 0.994541 0.008830 0.006047 0.888806 0.000001 0.000000 3.554765 0.775617 0.009077 0.118365 0.010157 0.000253 0.002008 0.137474 0.002210 0.007770 0.010123 0.075687 0.116074 1.250921 0.561114 8.888907 8.866162 8.861625 135.000000 0.000185 0.000109 0.000089 -74.337509 0.410927 0.000000 0.000000 17483.039062 -14677.755859 -168697.843750 165904.859375 385.724823 5.898206 0.000772 1.107542 0.017020 0.000002 0.527720 0.031589 0.000007 0.000000 0.000000 0.000768 0.011322 0.012593 3.600491 0.043853 0.000054 0.000000 2.372897 13.104508 -0.000265 0.000011 0.000009 0.000000 0.000000 0.000000 0.000570 0.000002 0.000006 0.001374 0.043588 0.000038 0.000000 4.144809 1.134088 -0.000015 0.000008 0.000000 0.000000 0.000000 0.000000 0.000122 0.000000 0.000000 0.000001 0.191368 0.991028 0.992324 0.000023 1.000680 0.025797 0.015603 0.004183 0.319299 0.004936 0.994537 0.008848 0.006048 0.888807 
0.000001 0.000000 3.554765 0.775617 0.009077 0.118365 0.010157 0.000253 0.002008 0.137474 0.002210 0.007771 0.010123 0.075687 0.116074 1.250921 0.561114 8.890682 8.866451 8.861630 135.000000 0.000185 0.000109 0.000089 -73.997192 0.410930 0.000000 0.000000 17483.039062 -14677.755859 -168697.843750 165904.859375 385.708710 5.896364 0.000755 1.125131 0.017287 0.000002 0.527682 0.031585 0.000007 0.000000 0.000000 0.000772 0.011440 0.012596 3.600491 0.043853 0.000054 0.000000 2.372919 13.104493 -0.000272 0.000011 0.000009 0.000000 0.000000 0.000000 0.000570 0.000002 0.000006 0.001374 0.043588 0.000038 0.000000 4.144813 1.134085 -0.000016 0.000008 0.000000 0.000000 0.000000 0.000000 0.000122 0.000000 0.000000 0.000001 0.194333 0.991085 0.992331 0.000024 1.000680 0.025797 0.015603 0.004190 0.319303 0.004976 0.994532 0.008867 0.006048 0.888807 0.000001 0.000000 3.554765 0.775617 0.009077 0.118365 0.010157 0.000253 0.002008 0.137474 
0.002210 0.007772 0.010123 0.075687 0.116074 1.250921 0.561115 8.892531 8.866752 8.861636 135.000000 0.000185 0.000109 0.000089 -73.646301 0.410934 0.000000 0.000000 17483.039062 -14677.755859 -168697.843750 165904.859375 385.692596 5.894522 0.000738 1.142718 0.017554 0.000002 0.527644 0.031582 0.000007 0.000000 0.000000 0.000776 0.011558 0.012599 3.600491 0.043853 0.000054 0.000000 2.372941 13.104478 -0.000278 0.000011 0.000009 0.000000 0.000000 0.000000 0.000570 0.000002 0.000006 0.001374 0.043588 0.000038 0.000000 4.144816 1.134082 -0.000016 0.000008 0.000000 0.000000 0.000000 0.000000 0.000122 0.000000 0.000000 0.000001 0.197298 0.991142 0.992339 0.000025 1.000680 0.025797 0.015603 0.004198 0.319307 0.005018 0.994527 0.008887 0.006049 0.888808 0.000001 0.000000 3.554765 0.775617 0.009077 0.118365 0.010157 0.000253 0.002008 0.137474 0.002209 0.007773 0.010123 0.075687 0.116074 1.250921 0.561115 8.894457 8.867063 8.861643 
135.000000 0.000185 0.000109 0.000089 -73.284500 0.410938 0.000000 0.000000 17483.039062 -14677.755859 -168697.843750 165904.859375 385.676483 5.892680 0.000721 1.160304 0.017820 0.000002 0.527605 0.031578 0.000007 0.000000 0.000000 0.000780 0.011676 0.012602 3.600490 0.043854 0.000054 0.000000 2.372962 13.104463 -0.000285 0.000011 0.000009 0.000000 0.000000 0.000000 0.000570 0.000002 0.000006 0.001374 0.043588 0.000038 0.000000 4.144819 1.134079 -0.000016 0.000008 0.000000 0.000000 0.000000 0.000000 0.000122 0.000000 0.000000 0.000001 0.200264 0.991199 0.992347 0.000026 1.000680 0.025797 0.015603 0.004207 0.319312 0.005062 0.994522 0.008908 0.006049 0.888809 0.000001 0.000000 3.554765 0.775617 0.009077 0.118365 0.010157 0.000253 0.002008 0.137474 0.002209 0.007774 0.010123 0.075687 0.116074 1.250922 0.561115 8.896460 8.867385 8.861650 135.000000 0.000185 0.000109 0.000089 -72.911469 0.410941 0.000000 0.000000 17483.039062 -14677.755859 
-168697.843750 165904.859375 385.660370 5.890837 0.000704 1.177888 0.018087 0.000002 0.527566 0.031575 0.000007 0.000000 0.000000 0.000784 0.011794 0.012605 3.600490 0.043854 0.000054 0.000000 2.372984 13.104447 -0.000291 0.000011 0.000009 0.000000 0.000000 0.000000 0.000570 0.000002 0.000006 0.001374 0.043588 0.000038 0.000000 4.144823 1.134076 -0.000017 0.000008 0.000000 0.000000 0.000000 0.000000 0.000122 0.000000 0.000000 0.000001 0.203230 0.991255 0.992354 0.000027 1.000680 0.025797 0.015603 0.004216 0.319316 0.005107 0.994516 0.008931 0.006050 0.888810 0.000001 0.000000 3.554766 0.775617 0.009077 0.118365 0.010157 0.000253 0.002008 0.137474 0.002209 0.007775 0.010123 0.075688 0.116073 1.250922 0.561115 8.898540 8.867720 8.861656 135.000000 0.000185 0.000109 0.000089 -72.526863 0.410945 0.000000 0.000000 17483.039062 -14677.755859 -168697.843750 165904.859375 385.644257 5.888994 0.000688 1.195471 0.018353 0.000002 0.527527 0.031571 
0.000007 0.000000 0.000000 0.000788 0.011913 0.012608 3.600490 0.043854 0.000054 0.000000 2.373006 13.104432 -0.000298 0.000011 0.000009 0.000000 0.000000 0.000000 0.000571 0.000002 0.000006 0.001374 0.043588 0.000038 0.000000 4.144826 1.134072 -0.000017 0.000008 0.000000 0.000000 0.000000 0.000000 0.000122 0.000000 0.000000 0.000001 0.206196 0.991312 0.992362 0.000028 1.000681 0.025797 0.015603 0.004225 0.319320 0.005155 0.994511 0.008954 0.006050 0.888811 0.000001 0.000000 3.554766 0.775617 0.009077 0.118365 0.010157 0.000253 0.002008 0.137474 0.002209 0.007776 0.010123 0.075688 0.116073 1.250922 0.561116 8.900702 8.868066 8.861664 135.000000 0.000185 0.000109 0.000089 -72.130356 0.410949 0.000000 0.000000 17483.039062 -14677.755859 -168697.843750 165904.859375 385.628143 5.887150 0.000671 1.213052 0.018620 0.000002 0.527487 0.031568 0.000007 0.000000 0.000000 0.000792 0.012031 0.012611 3.600490 0.043854 0.000054 0.000000 
2.373028 13.104417 -0.000304 0.000011 0.000009 0.000000 0.000000 0.000000 0.000571 0.000002 0.000006 0.001374 0.043588 0.000038 0.000000 4.144829 1.134069 -0.000017 0.000008 0.000000 0.000000 0.000000 0.000000 0.000122 0.000000 0.000000 0.000001 0.209163 0.991368 0.992369 0.000029 1.000681 0.025797 0.015603 0.004234 0.319325 0.005205 0.994504 0.008979 0.006051 0.888812 0.000001 0.000000 3.554766 0.775617 0.009077 0.118365 0.010157 0.000253 0.002008 0.137474 0.002209 0.007778 0.010123 0.075688 0.116073 1.250923 0.561116 8.902946 8.868423 8.861671 135.000000 0.000186 0.000109 0.000089 -71.721611 0.410953 0.000000 0.000000 17483.039062 -14677.755859 -168697.843750 165904.859375 385.612030 5.885306 0.000655 1.230632 0.018886 0.000002 0.527447 0.031565 0.000007 0.000000 0.000000 0.000796 0.012150 0.012614 3.600489 0.043855 0.000054 0.000000 2.373049 13.104402 -0.000310 0.000011 0.000009 0.000000 0.000000 0.000000 0.000571 0.000002 
0.000006 0.001374 0.043588 0.000038 0.000000 4.144833 1.134066 -0.000018 0.000008 0.000000 0.000000 0.000000 0.000000 0.000122 0.000000 0.000000 0.000001 0.212130 0.991425 0.992377 0.000031 1.000681 0.025797 0.015603 0.004244 0.319329 0.005257 0.994498 0.009005 0.006051 0.888812 0.000001 0.000000 3.554766 0.775617 0.009077 0.118365 0.010157 0.000253 0.002008 0.137474 0.002209 0.007779 0.010123 0.075688 0.116073 1.250923 0.561116 8.905272 8.868793 8.861680 135.000000 0.000186 0.000109 0.000089 -71.300278 0.410956 0.000000 0.000000 17483.039062 -14677.755859 -168697.843750 165904.859375 385.595917 5.883461 0.000638 1.248210 0.019152 0.000002 0.527406 0.031561 0.000007 0.000000 0.000000 0.000800 0.012268 0.012617 3.600489 0.043855 0.000054 0.000000 2.373071 13.104386 -0.000317 0.000011 0.000009 0.000000 0.000000 0.000000 0.000571 0.000002 0.000006 0.001374 0.043588 0.000038 0.000000 4.144836 1.134063 -0.000018 0.000008 0.000000 
0.000000 0.000000 0.000000 0.000122 0.000000 0.000000 0.000001 0.215098 0.991481 0.992384 0.000032 1.000681 0.025797 0.015603 0.004255 0.319334 0.005312 0.994491 0.009033 0.006052 0.888813 0.000001 0.000000 3.554767 0.775617 0.009077 0.118365 0.010157 0.000253 0.002008 0.137474 0.002209 0.007780 0.010123 0.075689 0.116073 1.250923 0.561116 8.907682 8.869176 8.861689 135.000000 0.000186 0.000109 0.000089 -70.866028 0.410960 0.000000 0.000000 17483.039062 -14677.755859 -168697.843750 165904.859375 385.579803 5.881616 0.000622 1.265787 0.019418 0.000002 0.527365 0.031558 0.000007 0.000000 0.000000 0.000804 0.012387 0.012620 3.600489 0.043855 0.000054 0.000000 2.373093 13.104371 -0.000323 0.000011 0.000009 0.000000 0.000000 0.000000 0.000571 0.000002 0.000006 0.001374 0.043589 0.000038 0.000000 4.144839 1.134060 -0.000018 0.000008 0.000000 0.000000 0.000000 0.000000 0.000122 0.000000 0.000000 0.000001 0.218067 0.991537 0.992392 
0.000034 1.000682 0.025797 0.015603 0.004266 0.319338 0.005369 0.994484 0.009063 0.006053 0.888814 0.000001 0.000000 3.554767 0.775617 0.009077 0.118365 0.010157 0.000253 0.002008 0.137474 0.002209 0.007782 0.010123 0.075689 0.116073 1.250924 0.561116 8.910179 8.869570 8.861698 135.000000 0.000186 0.000109 0.000089 -70.418510 0.410964 0.000000 0.000000 17483.039062 -14677.755859 -168697.843750 165904.859375 385.563690 5.879770 0.000606 1.283363 0.019684 0.000002 0.527324 0.031554 0.000007 0.000000 0.000000 0.000808 0.012506 0.012623 3.600489 0.043856 0.000054 0.000000 2.373114 13.104355 -0.000329 0.000011 0.000009 0.000000 0.000000 0.000000 0.000571 0.000002 0.000006 0.001374 0.043589 0.000038 0.000000 4.144843 1.134057 -0.000019 0.000008 0.000000 0.000000 0.000000 0.000000 0.000122 0.000000 0.000000 0.000001 0.221036 0.991593 0.992400 0.000036 1.000682 0.025797 0.015603 0.004277 0.319343 0.005429 0.994476 0.009094 0.006053 
0.888815 0.000001 0.000000 3.554767 0.775617 0.009077 0.118365 0.010157 0.000253 0.002008 0.137474 0.002209 0.007784 0.010123 0.075689 0.116073 1.250924 0.561117 8.912763 8.869976 8.861708 135.000000 0.000186 0.000109 0.000089 -69.957382 0.410968 0.000000 0.000000 17483.039062 -14677.755859 -168697.843750 165904.859375 385.547577 5.877923 0.000590 1.300937 0.019950 0.000002 0.527283 0.031551 0.000007 0.000000 0.000000 0.000813 0.012625 0.012626 3.600488 0.043856 0.000054 0.000000 2.373136 13.104339 -0.000335 0.000011 0.000009 0.000000 0.000000 0.000000 0.000571 0.000002 0.000006 0.001374 0.043589 0.000038 0.000000 4.144846 1.134054 -0.000019 0.000008 0.000000 0.000000 0.000000 0.000000 0.000122 0.000000 0.000000 0.000001 0.224078 0.991650 0.992407 0.000038 1.000682 0.025798 0.015603 0.004290 0.319348 0.005493 0.994468 0.009128 0.006054 0.888815 0.000001 0.000000 3.554767 0.775617 0.009077 0.118365 0.010157 0.000253 0.002008 
0.137474 0.002209 0.007785 0.010123 0.075690 0.116072 1.250924 0.561117 8.915501 8.870405 8.861718 135.000000 0.000186 0.000109 0.000089 -69.470634 0.410972 0.000000 0.000000 17483.039062 -14677.755859 -168697.843750 165904.859375 385.531097 5.876031 0.000574 1.318934 0.020222 0.000002 0.527240 0.031547 0.000007 0.000000 0.000000 0.000817 0.012747 0.012629 3.600488 0.043856 0.000054 0.000000 2.373158 13.104322 -0.000341 0.000011 0.000009 0.000000 0.000000 0.000000 0.000571 0.000002 0.000006 0.001374 0.043589 0.000038 0.000000 4.144849 1.134051 -0.000020 0.000008 0.000000 0.000000 0.000000 0.000000 0.000122 0.000000 0.000000 0.000001 0.227050 0.991706 0.992415 0.000040 1.000682 0.025798 0.015603 0.004303 0.319352 0.005560 0.994459 0.009163 0.006055 0.888816 0.000001 0.000000 3.554768 0.775617 0.009077 0.118365 0.010157 0.000253 0.002008 0.137474 0.002209 0.007787 0.010123 0.075690 0.116072 1.250924 0.561117 8.918264 8.870837 
8.861729 135.000000 0.000186 0.000109 0.000089 -68.980904 0.410976 0.000000 0.000000 17483.039062 -14677.755859 -168697.843750 165904.859375 385.514984 5.874183 0.000558 1.336506 0.020487 0.000002 0.527197 0.031544 0.000007 0.000000 0.000000 0.000821 0.012866 0.012632 3.600488 0.043857 0.000054 0.000000 2.373180 13.104306 -0.000347 0.000011 0.000009 0.000000 0.000000 0.000000 0.000571 0.000002 0.000006 0.001374 0.043589 0.000038 0.000000 4.144853 1.134048 -0.000020 0.000008 0.000000 0.000000 0.000000 0.000000 0.000122 0.000000 0.000000 0.000001 0.230023 0.991762 0.992422 0.000042 1.000682 0.025798 0.015603 0.004316 0.319357 0.005629 0.994450 0.009201 0.006055 0.888817 0.000001 0.000000 3.554768 0.775617 0.009077 0.118365 0.010157 0.000253 0.002008 0.137474 0.002209 0.007789 0.010123 0.075691 0.116072 1.250925 0.561117 8.921120 8.871282 8.861740 135.000000 0.000187 0.000109 0.000089 -68.476517 0.410980 0.000000 0.000000 17483.039062 
-14677.755859 -168697.843750 165904.859375 385.498871 5.872334 0.000543 1.354075 0.020752 0.000002 0.527155 0.031540 0.000007 0.000000 0.000000 0.000825 0.012986 0.012635 3.600488 0.043857 0.000054 0.000000 2.373202 13.104290 -0.000353 0.000011 0.000009 0.000000 0.000000 0.000000 0.000571 0.000002 0.000006 0.001374 0.043589 0.000038 0.000000 4.144856 1.134045 -0.000020 0.000008 0.000000 0.000000 0.000000 0.000000 0.000122 0.000000 0.000000 0.000001 0.232996 0.991818 0.992430 0.000044 1.000683 0.025798 0.015603 0.004330 0.319362 0.005702 0.994440 0.009240 0.006056 0.888818 0.000001 0.000000 3.554768 0.775617 0.009077 0.118365 0.010157 0.000253 0.002008 0.137474 0.002209 0.007791 0.010124 0.075691 0.116072 1.250925 0.561117 8.924067 8.871739 8.861752 135.000000 0.000187 0.000109 0.000089 -67.957138 0.410984 0.000000 0.000000 17483.039062 -14677.755859 -168697.843750 165904.859375 385.482758 5.870483 0.000527 1.371643 0.021017 0.000002 0.527112 
0.031537 0.000007 0.000000 0.000000 0.000830 0.013105 0.012638 3.600487 0.043857 0.000054 0.000000 2.373224 13.104274 -0.000359 0.000011 0.000009 0.000000 0.000000 0.000000 0.000571 0.000002 0.000006 0.001374 0.043589 0.000038 0.000000 4.144859 1.134041 -0.000021 0.000008 0.000000 0.000000 0.000000 0.000000 0.000122 0.000000 0.000000 0.000001 0.235972 0.991874 0.992437 0.000047 1.000683 0.025798 0.015603 0.004345 0.319367 0.005779 0.994430 0.009283 0.006057 0.888819 0.000001 0.000000 3.554768 0.775617 0.009077 0.118364 0.010157 0.000253 0.002008 0.137474 0.002209 0.007793 0.010124 0.075692 0.116072 1.250925 0.561118 8.927106 8.872210 8.861764 135.000000 0.000187 0.000109 0.000089 -67.422424 0.410988 0.000000 0.000000 17483.039062 -14677.755859 -168697.843750 165904.859375 385.466675 5.868632 0.000512 1.389210 0.021282 0.000002 0.527068 0.031533 0.000007 0.000000 0.000000 0.000834 0.013225 0.012641 3.600487 0.043858 0.000054 
0.000000 2.373245 13.104258 -0.000365 0.000011 0.000009 0.000000 0.000000 0.000000 0.000571 0.000002 0.000006 0.001374 0.043589 0.000038 0.000000 4.144863 1.134038 -0.000021 0.000008 0.000000 0.000000 0.000000 0.000000 0.000122 0.000000 0.000000 0.000001 0.239010 0.991930 0.992445 0.000050 1.000683 0.025798 0.015603 0.004361 0.319372 0.005861 0.994419 0.009329 0.006058 0.888819 0.000001 0.000000 3.554769 0.775617 0.009077 0.118364 0.010157 0.000253 0.002008 0.137474 0.002209 0.007795 0.010124 0.075692 0.116072 1.250925 0.561118 8.930305 8.872703 8.861777 135.000000 0.000187 0.000109 0.000089 -66.860489 0.410992 0.000000 0.000000 17483.039062 -14677.755859 -168697.843750 165904.859375 385.450256 5.866742 0.000496 1.407139 0.021553 0.000002 0.527024 0.031530 0.000007 0.000000 0.000000 0.000838 0.013348 0.012644 3.600487 0.043858 0.000054 0.000000 2.373267 13.104241 -0.000371 0.000011 0.000009 0.000000 0.000000 0.000000 0.000571 
0.000002 0.000006 0.001374 0.043590 0.000038 0.000000 4.144866 1.134035 -0.000021 0.000008 0.000000 0.000000 0.000000 0.000000 0.000122 0.000000 0.000000 0.000001 0.241989 0.991986 0.992453 0.000054 1.000684 0.025798 0.015602 0.004377 0.319377 0.005947 0.994407 0.009377 0.006059 0.888820 0.000001 0.000000 3.554769 0.775617 0.009077 0.118364 0.010157 0.000253 0.002008 0.137474 0.002209 0.007798 0.010124 0.075693 0.116072 1.250926 0.561118 8.933536 8.873199 8.861791 135.000000 0.000187 0.000109 0.000089 -66.293755 0.410996 0.000000 0.000000 17483.039062 -14677.755859 -168697.843750 165904.859375 385.434174 5.864888 0.000481 1.424703 0.021818 0.000002 0.526980 0.031526 0.000007 0.000000 0.000000 0.000843 0.013468 0.012647 3.600487 0.043858 0.000054 0.000000 2.373289 13.104225 -0.000377 0.000011 0.000009 0.000000 0.000000 0.000000 0.000571 0.000002 0.000006 0.001374 0.043590 0.000038 0.000000 4.144869 1.134032 -0.000022 0.000008 
0.000000 0.000000 0.000000 0.000000 0.000122 0.000000 0.000000 0.000001 0.245820 0.992057 0.992462 0.000059 1.000684 0.025798 0.015602 0.004400 0.319383 0.006063 0.994390 0.009444 0.006060 0.888821 0.000001 0.000000 3.554770 0.775617 0.009077 0.118364 0.010157 0.000253 0.002008 0.137474 0.002209 0.007801 0.010124 0.075694 0.116071 1.250926 0.561119 8.937828 8.873857 8.861809 135.000000 0.000188 0.000109 0.000089 -65.541214 0.411002 0.000000 0.000000 17483.039062 -14677.755859 -168697.843750 165904.859375 385.413483 5.862504 0.000462 1.447277 0.022158 0.000002 0.526923 0.031521 0.000007 0.000000 0.000000 0.000849 0.013623 0.012651 3.600486 0.043859 0.000054 0.000000 2.373317 13.104204 -0.000384 0.000011 0.000009 0.000000 0.000000 0.000000 0.000571 0.000002 0.000006 0.001374 0.043590 0.000038 0.000000 4.144874 1.134028 -0.000022 0.000008 0.000000 0.000000 0.000000 0.000000 0.000122 0.000000 0.000000 0.000001 0.248804 0.992112 
0.992470 0.000063 1.000684 0.025798 0.015602 0.004418 0.319388 0.006159 0.994377 0.009501 0.006061 0.888822 0.000001 0.000000 3.554770 0.775617 0.009077 0.118364 0.010157 0.000253 0.002008 0.137474 0.002209 0.007804 0.010124 0.075694 0.116071 1.250926 0.561119 8.941278 8.874383 8.861823 135.000000 0.000188 0.000109 0.000089 -64.936630 0.411006 0.000000 0.000000 17483.039062 -14677.755859 -168697.843750 165904.859375 385.397400 5.860647 0.000447 1.464837 0.022422 0.000002 0.526878 0.031518 0.000007 0.000000 0.000000 0.000853 0.013743 0.012654 3.600486 0.043859 0.000054 0.000000 2.373339 13.104188 -0.000390 0.000011 0.000009 0.000000 0.000000 0.000000 0.000571 0.000002 0.000006 0.001374 0.043590 0.000038 0.000000 4.144877 1.134025 -0.000022 0.000008 0.000000 0.000000 0.000000 0.000000 0.000122 0.000000 0.000000 0.000001 0.251789 0.992167 0.992477 0.000067 1.000685 0.025798 0.015602 0.004438 0.319394 0.006261 0.994362 0.009561 
0.006062 0.888822 0.000001 0.000000 3.554770 0.775617 0.009077 0.118364 0.010157 0.000253 0.002008 0.137474 0.002209 0.007806 0.010124 0.075695 0.116071 1.250926 0.561119 8.944826 8.874923 8.861838 135.000000 0.000188 0.000109 0.000089 -64.314957 0.411011 0.000000 0.000000 17483.039062 -14677.755859 -168697.843750 165904.859375 385.381317 5.858788 0.000432 1.482396 0.022687 0.000002 0.526833 0.031514 0.000007 0.000000 0.000000 0.000858 0.013864 0.012657 3.600486 0.043859 0.000054 0.000000 2.373361 13.104172 -0.000396 0.000011 0.000009 0.000000 0.000000 0.000000 0.000571 0.000002 0.000006 0.001374 0.043590 0.000038 0.000000 4.144880 1.134022 -0.000023 0.000008 0.000000 0.000000 0.000000 0.000000 0.000122 0.000000 0.000000 0.000001 0.254778 0.992222 0.992485 0.000073 1.000685 0.025798 0.015602 0.004458 0.319399 0.006368 0.994346 0.009625 0.006063 0.888823 0.000001 0.000000 3.554771 0.775617 0.009077 0.118364 0.010157 0.000253 
0.002008 0.137474 0.002209 0.007809 0.010124 0.075696 0.116071 1.250927 0.561119 8.948472 8.875475 8.861855 135.000000 0.000188 0.000109 0.000089 -63.675877 0.411015 0.000000 0.000000 17483.039062 -14677.755859 -168697.843750 165904.859375 385.365234 5.856928 0.000417 1.499954 0.022951 0.000002 0.526788 0.031511 0.000007 0.000000 0.000000 0.000863 0.013986 0.012661 3.600486 0.043859 0.000054 0.000000 2.373382 13.104156 -0.000401 0.000011 0.000009 0.000000 0.000000 0.000000 0.000571 0.000002 0.000006 0.001374 0.043590 0.000038 0.000000 4.144884 1.134019 -0.000023 0.000008 0.000000 0.000000 0.000000 0.000000 0.000122 0.000000 0.000000 0.000001 0.257769 0.992277 0.992492 0.000078 1.000685 0.025798 0.015602 0.004480 0.319405 0.006481 0.994329 0.009693 0.006064 0.888824 0.000001 0.000000 3.554771 0.775617 0.009077 0.118364 0.010157 0.000253 0.002008 0.137474 0.002209 0.007813 0.010125 0.075697 0.116071 1.250927 0.561119 8.952216 
8.876040 8.861871 135.000000 0.000189 0.000109 0.000089 -63.019081 0.411020 0.000000 0.000000 17483.039062 -14677.755859 -168697.843750 165904.859375 385.349152 5.855066 0.000402 1.517510 0.023215 0.000002 0.526742 0.031507 0.000007 0.000000 0.000000 0.000868 0.014107 0.012664 3.600485 0.043860 0.000054 0.000000 2.373404 13.104139 -0.000407 0.000011 0.000009 0.000000 0.000000 0.000000 0.000571 0.000002 0.000006 0.001374 0.043590 0.000038 0.000000 4.144887 1.134016 -0.000023 0.000008 0.000000 0.000000 0.000000 0.000000 0.000122 0.000000 0.000000 0.000001 0.260763 0.992332 0.992500 0.000085 1.000686 0.025798 0.015602 0.004504 0.319410 0.006600 0.994311 0.009767 0.006065 0.888824 0.000001 0.000000 3.554772 0.775617 0.009077 0.118364 0.010157 0.000253 0.002008 0.137474 0.002209 0.007816 0.010125 0.075698 0.116071 1.250927 0.561120 8.956059 8.876619 8.861888 135.000000 0.000189 0.000109 0.000089 -62.344273 0.411024 0.000000 0.000000 
17483.039062 -14677.755859 -168697.843750 165904.859375 385.333069 5.853202 0.000387 1.535065 0.023479 0.000002 0.526696 0.031503 0.000007 0.000000 0.000000 0.000873 0.014229 0.012667 3.600485 0.043860 0.000054 0.000000 2.373426 13.104123 -0.000412 0.000011 0.000009 0.000000 0.000000 0.000000 0.000571 0.000002 0.000006 0.001374 0.043590 0.000038 0.000000 4.144890 1.134013 -0.000024 0.000008 0.000000 0.000000 0.000000 0.000000 0.000122 0.000000 0.000000 0.000001 0.263761 0.992387 0.992507 0.000092 1.000686 0.025798 0.015602 0.004528 0.319416 0.006727 0.994291 0.009846 0.006066 0.888825 0.000001 0.000000 3.554772 0.775617 0.009077 0.118364 0.010157 0.000253 0.002008 0.137474 0.002209 0.007820 0.010125 0.075698 0.116071 1.250927 0.561120 8.960003 8.877211 8.861906 135.000000 0.000189 0.000109 0.000089 -61.651161 0.411029 0.000000 0.000000 17483.039062 -14677.755859 -168697.843750 165904.859375 385.316986 5.851336 0.000373 1.552618 0.023743 0.000001 
0.526650 0.031500 0.000007 0.000000 0.000000 0.000878 0.014352 0.012670 3.600485 0.043860 0.000054 0.000000 2.373447 13.104107 -0.000418 0.000011 0.000009 0.000000 0.000000 0.000000 0.000571 0.000002 0.000006 0.001374 0.043590 0.000038 0.000000 4.144894 1.134010 -0.000024 0.000008 0.000000 0.000000 0.000000 0.000000 0.000122 0.000000 0.000000 0.000001 0.266763 0.992442 0.992515 0.000100 1.000686 0.025798 0.015602 0.004554 0.319422 0.006861 0.994270 0.009930 0.006067 0.888826 0.000001 0.000000 3.554773 0.775617 0.009077 0.118364 0.010157 0.000253 0.002008 0.137474 0.002209 0.007824 0.010125 0.075700 0.116071 1.250928 0.561120 8.964046 8.877815 8.861925 135.000000 0.000190 0.000109 0.000089 -60.939465 0.411034 0.000000 0.000000 17483.039062 -14677.755859 -168697.843750 165904.859375 385.300934 5.849467 0.000358 1.570170 0.024006 0.000001 0.526603 0.031496 0.000007 0.000000 0.000000 0.000883 0.014474 0.012674 3.600485 0.043861 
0.000054 0.000000 2.373469 13.104091 -0.000423 0.000011 0.000009 0.000000 0.000000 0.000000 0.000571 0.000002 0.000006 0.001374 0.043591 0.000038 0.000000 4.144897 1.134007 -0.000024 0.000008 0.000000 0.000000 0.000000 0.000000 0.000122 0.000000 0.000000 0.000001 0.269769 0.992496 0.992522 0.000109 1.000687 0.025799 0.015602 0.004582 0.319428 0.007003 0.994247 0.010020 0.006069 0.888826 0.000001 0.000000 3.554773 0.775617 0.009077 0.118364 0.010157 0.000253 0.002008 0.137474 0.002209 0.007828 0.010125 0.075701 0.116070 1.250928 0.561121 8.968190 8.878433 8.861944 135.000000 0.000190 0.000109 0.000089 -60.208912 0.411039 0.000000 0.000000 17483.039062 -14677.755859 -168697.843750 165904.859375 385.284882 5.847596 0.000344 1.587721 0.024270 0.000001 0.526556 0.031493 0.000007 0.000000 0.000000 0.000888 0.014597 0.012677 3.600484 0.043861 0.000054 0.000000 2.373491 13.104074 -0.000428 0.000011 0.000009 0.000000 0.000000 0.000000 
0.000571 0.000002 0.000006 0.001374 0.043591 0.000038 0.000000 4.144900 1.134003 -0.000025 0.000008 0.000000 0.000000 0.000000 0.000000 0.000122 0.000000 0.000000 0.000001 0.272779 0.992551 0.992530 0.000119 1.000687 0.025799 0.015602 0.004611 0.319435 0.007153 0.994222 0.010116 0.006070 0.888827 0.000001 0.000000 3.554774 0.775617 0.009077 0.118364 0.010157 0.000253 0.002008 0.137474 0.002209 0.007832 0.010125 0.075702 0.116070 1.250929 0.561120 8.972434 8.879064 8.861964 135.000000 0.000191 0.000109 0.000089 -59.459244 0.411044 0.000000 0.000000 17483.039062 -14677.755859 -168697.843750 165904.859375 385.268829 5.845721 0.000329 1.605270 0.024533 0.000001 0.526509 0.031489 0.000007 0.000000 0.000000 0.000894 0.014721 0.012680 3.600484 0.043861 0.000054 0.000000 2.373513 13.104058 -0.000434 0.000011 0.000009 0.000000 0.000000 0.000000 0.000571 0.000002 0.000006 0.001374 0.043591 0.000038 0.000000 4.144904 1.134000 -0.000025 
0.000008 0.000000 0.000000 0.000000 0.000000 0.000122 0.000000 0.000000 0.000001 0.275795 0.992605 0.992537 0.000131 1.000687 0.025799 0.015602 0.004643 0.319441 0.007312 0.994196 0.010220 0.006071 0.888828 0.000001 0.000000 3.554775 0.775617 0.009077 0.118364 0.010157 0.000253 0.002008 0.137474 0.002209 0.007837 0.010126 0.075703 0.116070 1.250929 0.561121 8.976779 8.879706 8.861985 135.000000 0.000191 0.000109 0.000089 -58.690212 0.411049 0.000000 0.000000 17483.039062 -14677.755859 -168697.843750 165904.859375 385.252777 5.843843 0.000315 1.622817 0.024796 0.000001 0.526462 0.031485 0.000007 0.000000 0.000000 0.000899 0.014845 0.012684 3.600484 0.043862 0.000054 0.000000 2.373534 13.104042 -0.000439 0.000011 0.000009 0.000000 0.000000 0.000000 0.000571 0.000002 0.000006 0.001374 0.043591 0.000038 0.000000 4.144907 1.133997 -0.000025 0.000008 0.000000 0.000000 0.000000 0.000000 0.000122 0.000000 0.000000 0.000001 0.279215 
0.992667 0.992545 0.000145 1.000687 0.025799 0.015602 0.004681 0.319449 0.007503 0.994162 0.010345 0.006073 0.888828 0.000001 0.000000 3.554775 0.775617 0.009077 0.118364 0.010157 0.000253 0.002008 0.137474 0.002209 0.007843 0.010126 0.075705 0.116070 1.250927 0.561123 8.981816 8.880449 8.862010 135.000000 0.000192 0.000109 0.000089 -57.796413 0.411055 0.000000 0.000000 17483.039062 -14677.755859 -168697.843750 165904.859375 385.234619 5.841714 0.000299 1.642670 0.025094 0.000001 0.526408 0.031481 0.000007 0.000000 0.000000 0.000906 0.014986 0.012687 3.600483 0.043862 0.000054 0.000000 2.373559 13.104023 -0.000445 0.000011 0.000009 0.000000 0.000000 0.000000 0.000571 0.000002 0.000006 0.001374 0.043591 0.000038 0.000000 4.144911 1.133994 -0.000025 0.000008 0.000000 0.000000 0.000000 0.000000 0.000122 0.000000 0.000000 0.000001 0.282244 0.992721 0.992553 0.000160 1.000687 0.025799 0.015602 0.004716 0.319456 0.007684 0.994131 
0.010464 0.006074 0.888829 0.000001 0.000000 3.554776 0.775617 0.009077 0.118364 0.010157 0.000253 0.002008 0.137474 0.002209 0.007849 0.010126 0.075706 0.116070 1.250929 0.561122 8.986376 8.881120 8.862032 135.000000 0.000193 0.000109 0.000089 -56.985332 0.411061 0.000000 0.000000 17483.039062 -14677.755859 -168697.843750 165904.859375 385.218567 5.839828 0.000285 1.660215 0.025357 0.000001 0.526360 0.031477 0.000007 0.000000 0.000000 0.000912 0.015111 0.012691 3.600483 0.043862 0.000054 0.000000 2.373581 13.104007 -0.000450 0.000011 0.000009 0.000000 0.000000 0.000000 0.000571 0.000002 0.000006 0.001374 0.043591 0.000038 0.000000 4.144914 1.133991 -0.000026 0.000008 0.000000 0.000000 0.000000 0.000000 0.000122 0.000000 0.000000 0.000001 0.285280 0.992775 0.992560 0.000177 1.000687 0.025799 0.015602 0.004755 0.319463 0.007875 0.994096 0.010590 0.006076 0.888829 0.000001 0.000000 3.554777 0.775617 0.009077 0.118364 0.010157 
0.000253 0.002008 0.137474 0.002209 0.007855 0.010126 0.075708 0.116070 1.250930 0.561121 8.991035 8.881803 8.862055 135.000000 0.000193 0.000109 0.000089 -56.154186 0.411066 0.000000 0.000000 17483.039062 -14677.755859 -168697.843750 165904.859375 385.202515 5.837938 0.000271 1.677758 0.025620 0.000001 0.526311 0.031474 0.000007 0.000000 0.000000 0.000918 0.015237 0.012694 3.600483 0.043863 0.000054 0.000000 2.373602 13.103990 -0.000456 0.000011 0.000009 0.000000 0.000000 0.000000 0.000571 0.000002 0.000006 0.001374 0.043591 0.000038 0.000000 4.144917 1.133987 -0.000026 0.000008 0.000000 0.000000 0.000000 0.000000 0.000122 0.000000 0.000000 0.000001 0.288325 0.992830 0.992568 0.000196 1.000687 0.025800 0.015602 0.004795 0.319471 0.008077 0.994058 0.010725 0.006078 0.888830 0.000001 0.000000 3.554778 0.775617 0.009077 0.118364 0.010157 0.000253 0.002008 0.137474 0.002209 0.007861 0.010127 0.075710 0.116070 1.250930 0.561122 
8.995795 8.882497 8.862079 135.000000 0.000194 0.000109 0.000089 -55.302780 0.411072 0.000000 0.000000 17483.039062 -14677.755859 -168697.843750 165904.859375 385.186493 5.836042 0.000256 1.695300 0.025882 0.000001 0.526262 0.031470 0.000007 0.000000 0.000000 0.000925 0.015364 0.012698 3.600483 0.043863 0.000054 0.000000 2.373624 13.103972 -0.000461 0.000011 0.000009 0.000000 0.000000 0.000000 0.000571 0.000002 0.000006 0.001374 0.043591 0.000038 0.000000 4.144921 1.133984 -0.000026 0.000008 0.000000 0.000000 0.000000 0.000000 0.000122 0.000000 0.000000 0.000001 0.291378 0.992884 0.992575 0.000218 1.000686 0.025800 0.015602 0.004839 0.319478 0.008293 0.994017 0.010869 0.006079 0.888830 0.000001 0.000000 3.554778 0.775617 0.009077 0.118364 0.010157 0.000253 0.002008 0.137474 0.002209 0.007868 0.010127 0.075712 0.116070 1.250930 0.561122 9.000655 8.883204 8.862103 135.000000 0.000195 0.000109 0.000089 -54.430927 0.411078 0.000000 
0.000000 17483.039062 -14677.755859 -168697.843750 165904.859375 385.170471 5.834141 0.000242 1.712840 0.026145 0.000001 0.526213 0.031466 0.000007 0.000000 0.000000 0.000932 0.015491 0.012701 3.600482 0.043863 0.000054 0.000000 2.373646 13.103955 -0.000466 0.000011 0.000009 0.000000 0.000000 0.000000 0.000571 0.000002 0.000006 0.001374 0.043592 0.000038 0.000000 4.144924 1.133981 -0.000027 0.000008 0.000000 0.000000 0.000000 0.000000 0.000122 0.000000 0.000000 0.000001 0.294442 0.992938 0.992583 0.000243 1.000685 0.025800 0.015602 0.004886 0.319486 0.008521 0.993972 0.011021 0.006081 0.888830 0.000001 0.000000 3.554779 0.775617 0.009077 0.118364 0.010157 0.000253 0.002008 0.137474 0.002209 0.007876 0.010127 0.075714 0.116070 1.250930 0.561122 9.005615 8.883923 8.862129 135.000000 0.000196 0.000109 0.000089 -53.538456 0.411084 0.000000 0.000000 17483.039062 -14677.755859 -168697.843750 165904.859375 385.154449 5.832234 0.000228 1.730379 0.026407 
0.000001 0.526164 0.031463 0.000007 0.000000 0.000000 0.000939 0.015619 0.012705 3.600482 0.043863 0.000054 0.000000 2.373667 13.103938 -0.000471 0.000011 0.000009 0.000000 0.000000 0.000000 0.000571 0.000002 0.000006 0.001374 0.043592 0.000038 0.000000 4.144928 1.133978 -0.000027 0.000008 0.000000 0.000000 0.000000 0.000000 0.000122 0.000000 0.000000 0.000001 0.297516 0.992992 0.992590 0.000272 1.000684 0.025800 0.015602 0.004935 0.319495 0.008763 0.993923 0.011181 0.006083 0.888831 0.000001 0.000000 3.554780 0.775617 0.009077 0.118364 0.010157 0.000253 0.002008 0.137474 0.002209 0.007884 0.010128 0.075716 0.116070 1.250931 0.561122 9.010675 8.884653 8.862156 135.000000 0.000197 0.000109 0.000089 -52.625202 0.411090 0.000000 0.000000 17483.039062 -14677.755859 -168697.843750 165904.859375 385.138428 5.830320 0.000214 1.747916 0.026669 0.000001 0.526115 0.031459 0.000007 0.000000 0.000000 0.000947 0.015749 0.012708 3.600482 
0.043864 0.000054 0.000000 2.373689 13.103921 -0.000476 0.000011 0.000009 0.000000 0.000000 0.000000 0.000571 0.000002 0.000006 0.001374 0.043592 0.000038 0.000000 4.144931 1.133975 -0.000027 0.000008 0.000000 0.000000 0.000000 0.000000 0.000122 0.000000 0.000000 0.000001 0.300604 0.993045 0.992598 0.000305 1.000682 0.025801 0.015602 0.004989 0.319504 0.009020 0.993870 0.011351 0.006085 0.888831 0.000001 0.000000 3.554781 0.775617 0.009077 0.118364 0.010157 0.000253 0.002008 0.137474 0.002209 0.007893 0.010128 0.075719 0.116070 1.250931 0.561123 9.015835 8.885396 8.862184 135.000000 0.000198 0.000109 0.000089 -51.691013 0.411097 0.000000 0.000000 17483.039062 -14677.755859 -168697.843750 165904.859375 385.122437 5.828399 0.000200 1.765452 0.026931 0.000001 0.526065 0.031455 0.000007 0.000000 0.000000 0.000955 0.015879 0.012712 3.600482 0.043864 0.000054 0.000000 2.373711 13.103904 -0.000481 0.000011 0.000009 0.000000 0.000000 
0.000000 0.000571 0.000002 0.000006 0.001374 0.043592 0.000038 0.000000 4.144934 1.133972 -0.000028 0.000008 0.000000 0.000000 0.000000 0.000000 0.000123 0.000000 0.000000 0.000001 0.303706 0.993099 0.992605 0.000343 1.000679 0.025801 0.015602 0.005046 0.319513 0.009293 0.993811 0.011529 0.006087 0.888831 0.000001 0.000000 3.554782 0.775617 0.009077 0.118364 0.010157 0.000253 0.002008 0.137474 0.002209 0.007903 0.010128 0.075721 0.116070 1.250931 0.561123 9.021092 8.886150 8.862212 135.000000 0.000199 0.000110 0.000089 -50.735748 0.411103 0.000000 0.000000 17483.039062 -14677.755859 -168697.843750 165904.859375 385.106445 5.826468 0.000186 1.782987 0.027193 0.000001 0.526015 0.031451 0.000007 0.000000 0.000000 0.000963 0.016010 0.012715 3.600482 0.043864 0.000054 0.000000 2.373733 13.103887 -0.000486 0.000011 0.000009 0.000000 0.000000 0.000000 0.000571 0.000002 0.000006 0.001374 0.043592 0.000038 0.000000 4.144938 1.133969 
-0.000028 0.000008 0.000000 0.000000 0.000000 0.000000 0.000123 0.000000 0.000000 0.000001 0.303706 0.993099 0.992605 0.000343 1.000679 0.025801 0.015602 0.005046 0.319513 0.009293 0.993811 0.011529 0.006087 0.888831 0.000001 0.000000 3.554782 0.775617 0.009077 0.118364 0.010157 0.000253 0.002008 0.137474 0.002209 0.007903 0.010128 0.075721 0.116070 1.250931 0.561123 9.021092 8.886150 8.862212 135.000000 0.000199 0.000110 0.000089 -50.735748 0.411103 0.000000 0.000000 17483.039062 -14677.755859 -168697.843750 165904.859375 385.106445 5.826468 0.000186 1.782987 0.027193 0.000001 0.526015 0.031451 0.000007 0.000000 0.000000 0.000963 0.016010 0.012715 3.600482 0.043864 0.000054 0.000000 2.373733 13.103887 -0.000486 0.000011 0.000009 0.000000 0.000000 0.000000 0.000571 0.000002 0.000006 0.001374 0.043592 0.000038 0.000000 4.144938 1.133969 -0.000028 0.000008 0.000000 0.000000 0.000000 0.000000 0.000123 0.000000 0.000000 0.000001 
0.001371 0.987142 0.991824 0.000007 1.000676 0.025800 0.015606 0.004011 0.319049 0.004011 0.994632 0.008471 0.006039 0.888750 0.000001 0.000000 3.554765 0.775617 0.009078 0.118366 0.010156 0.000253 0.002009 0.137474 0.002210 0.007774 0.010124 0.075693 0.116085 1.250904 0.561100 8.859762 8.861163 8.861576 135.000000 0.000184 0.000109 0.000089 -85.719162 0.410716 0.000000 0.000000 17483.039062 -14677.755859 -168697.843750 165904.859375 386.740112 6.013765 0.002167 0.000000 0.000000 0.000000 0.529109 0.031783 0.000007 0.000000 0.000000 0.000133 0.004377 0.012450 3.600507 0.043833 0.000055 0.000000 2.371533 13.105350 0.000272 0.000011 0.000010 0.000000 0.000000 0.000000 0.000569 0.000002 0.000006 0.001374 0.043580 0.000039 0.000000 4.144600 1.134272 0.000016 0.000008 0.000000 0.000000 0.000000 0.000000 0.000120 0.000000 0.000000 0.000001 0.004375 0.987208 0.991832 0.000007 1.000676 0.025800 0.015606 0.004011 0.319053 0.004011 
0.994632 0.008471 0.006039 0.888751 0.000001 0.000000 3.554765 0.775617 0.009078 0.118366 0.010156 0.000253 0.002009 0.137474 0.002210 0.007773 0.010124 0.075693 0.116085 1.250904 0.561100 8.859761 8.861162 8.861575 135.000000 0.000183 0.000109 0.000089 -85.571350 0.410719 0.000000 0.000000 17483.039062 -14677.755859 -168697.843750 165904.859375 386.723999 6.011922 0.002138 0.017681 0.000275 0.000000 0.529106 0.031781 0.000007 0.000000 0.000000 0.000239 0.004393 0.012451 3.600507 0.043834 0.000055 0.000000 2.371555 13.105338 0.000261 0.000011 0.000010 0.000000 0.000000 0.000000 0.000569 0.000002 0.000006 0.001374 0.043580 0.000039 0.000000 4.144603 1.134269 0.000015 0.000008 0.000000 0.000000 0.000000 0.000000 0.000120 0.000000 0.000000 0.000001 0.007375 0.987273 0.991840 0.000007 1.000676 0.025800 0.015606 0.004011 0.319056 0.004012 0.994632 0.008471 0.006039 0.888752 0.000001 0.000000 3.554765 0.775617 0.009078 0.118366 
0.010156 0.000253 0.002009 0.137474 0.002210 0.007773 0.010124 0.075692 0.116085 1.250904 0.561101 8.859759 8.861161 8.861574 135.000000 0.000183 0.000109 0.000089 -85.424744 0.410722 0.000000 0.000000 17483.039062 -14677.755859 -168697.843750 165904.859375 386.707855 6.010080 0.002111 0.035360 0.000550 0.000000 0.529103 0.031778 0.000007 0.000000 0.000000 0.000320 0.004434 0.012451 3.600507 0.043834 0.000055 0.000000 2.371577 13.105327 0.000251 0.000011 0.000010 0.000000 0.000000 0.000000 0.000569 0.000002 0.000006 0.001374 0.043581 0.000039 0.000000 4.144607 1.134266 0.000014 0.000008 0.000000 0.000000 0.000000 0.000000 0.000120 0.000000 0.000000 0.000001 0.010374 0.987338 0.991848 0.000007 1.000676 0.025800 0.015606 0.004011 0.319060 0.004013 0.994632 0.008471 0.006039 0.888753 0.000001 0.000000 3.554765 0.775617 0.009078 0.118366 0.010156 0.000253 0.002009 0.137474 0.002210 0.007772 0.010124 0.075692 0.116085 1.250905 
0.561101 8.859757 8.861160 8.861573 135.000000 0.000183 0.000109 0.000089 -85.279305 0.410726 0.000000 0.000000 17483.039062 -14677.755859 -168697.843750 165904.859375 386.691711 6.008239 0.002083 0.053037 0.000824 0.000000 0.529098 0.031775 0.000007 0.000000 0.000000 0.000381 0.004494 0.012452 3.600506 0.043834 0.000055 0.000000 2.371598 13.105315 0.000240 0.000011 0.000010 0.000000 0.000000 0.000000 0.000569 0.000002 0.000006 0.001374 0.043581 0.000039 0.000000 4.144610 1.134264 0.000014 0.000008 0.000000 0.000000 0.000000 0.000000 0.000120 0.000000 0.000000 0.000001 0.013372 0.987403 0.991856 0.000007 1.000676 0.025800 0.015606 0.004012 0.319064 0.004014 0.994632 0.008472 0.006039 0.888754 0.000001 0.000000 3.554765 0.775617 0.009078 0.118366 0.010156 0.000253 0.002009 0.137474 0.002210 0.007771 0.010124 0.075692 0.116085 1.250905 0.561101 8.859756 8.861159 8.861572 135.000000 0.000183 0.000109 0.000089 -85.134987 0.410729 
0.000000 0.000000 17483.039062 -14677.755859 -168697.843750 165904.859375 386.675537 6.006397 0.002056 0.070713 0.001099 0.000000 0.529093 0.031772 0.000007 0.000000 0.000000 0.000427 0.004569 0.012454 3.600506 0.043835 0.000055 0.000000 2.371620 13.105304 0.000230 0.000011 0.000010 0.000000 0.000000 0.000000 0.000569 0.000002 0.000006 0.001374 0.043581 0.000039 0.000000 4.144613 1.134261 0.000013 0.000008 0.000000 0.000000 0.000000 0.000000 0.000120 0.000000 0.000000 0.000001 0.016369 0.987468 0.991864 0.000007 1.000676 0.025800 0.015606 0.004012 0.319068 0.004016 0.994632 0.008472 0.006039 0.888755 0.000001 0.000000 3.554765 0.775617 0.009078 0.118366 0.010156 0.000253 0.002009 0.137474 0.002210 0.007771 0.010124 0.075692 0.116084 1.250906 0.561101 8.859754 8.861158 8.861571 135.000000 0.000183 0.000109 0.000089 -84.991737 0.410732 0.000000 0.000000 17483.039062 -14677.755859 -168697.843750 165904.859375 386.659363 6.004556 0.002028 0.088388 
0.001373 0.000000 0.529087 0.031769 0.000007 0.000000 0.000000 0.000463 0.004654 0.012455 3.600506 0.043835 0.000055 0.000000 2.371642 13.105292 0.000219 0.000011 0.000010 0.000000 0.000000 0.000000 0.000569 0.000002 0.000006 0.001374 0.043581 0.000039 0.000000 4.144617 1.134258 0.000013 0.000008 0.000000 0.000000 0.000000 0.000000 0.000120 0.000000 0.000000 0.000001 0.019365 0.987532 0.991872 0.000007 1.000676 0.025800 0.015606 0.004012 0.319071 0.004018 0.994632 0.008473 0.006039 0.888756 0.000001 0.000000 3.554765 0.775617 0.009078 0.118366 0.010156 0.000253 0.002009 0.137474 0.002210 0.007770 0.010124 0.075692 0.116084 1.250906 0.561101 8.859753 8.861158 8.861570 135.000000 0.000183 0.000109 0.000089 -84.849510 0.410735 0.000000 0.000000 17483.039062 -14677.755859 -168697.843750 165904.859375 386.643188 6.002714 0.002002 0.106061 0.001647 0.000001 0.529081 0.031767 0.000007 0.000000 0.000000 0.000490 0.004747 0.012457 
3.600506 0.043835 0.000055 0.000000 2.371664 13.105281 0.000209 0.000011 0.000010 0.000000 0.000000 0.000000 0.000569 0.000002 0.000006 0.001374 0.043581 0.000039 0.000000 4.144620 1.134255 0.000012 0.000008 0.000000 0.000000 0.000000 0.000000 0.000120 0.000000 0.000000 0.000001 0.023284 0.987617 0.991883 0.000007 1.000676 0.025800 0.015606 0.004013 0.319076 0.004022 0.994631 0.008474 0.006039 0.888757 0.000001 0.000000 3.554765 0.775617 0.009078 0.118366 0.010156 0.000253 0.002009 0.137474 0.002210 0.007769 0.010124 0.075691 0.116084 1.250905 0.561103 8.859753 8.861158 8.861569 135.000000 0.000183 0.000109 0.000089 -84.664825 0.410740 0.000000 0.000000 17483.039062 -14677.755859 -168697.843750 165904.859375 386.622009 6.000304 0.001967 0.129187 0.002006 0.000001 0.529071 0.031763 0.000007 0.000000 0.000000 0.000517 0.004878 0.012459 3.600505 0.043836 0.000055 0.000000 2.371692 13.105266 0.000195 0.000011 0.000010 0.000000 
0.000000 0.000000 0.000569 0.000002 0.000006 0.001374 0.043581 0.000039 0.000000 4.144624 1.134251 0.000011 0.000008 0.000000 0.000000 0.000000 0.000000 0.000120 0.000000 0.000000 0.000001 0.026278 0.987681 0.991891 0.000007 1.000676 0.025800 0.015606 0.004013 0.319080 0.004025 0.994631 0.008475 0.006039 0.888758 0.000001 0.000000 3.554765 0.775617 0.009078 0.118366 0.010156 0.000253 0.002009 0.137474 0.002210 0.007769 0.010124 0.075691 0.116084 1.250906 0.561102 8.859755 8.861158 8.861568 135.000000 0.000183 0.000109 0.000089 -84.524719 0.410743 0.000000 0.000000 17483.039062 -14677.755859 -168697.843750 165904.859375 386.605804 5.998463 0.001940 0.146857 0.002280 0.000001 0.529063 0.031760 0.000007 0.000000 0.000000 0.000533 0.004982 0.012461 3.600505 0.043836 0.000055 0.000000 2.371714 13.105254 0.000185 0.000011 0.000010 0.000000 0.000000 0.000000 0.000569 0.000002 0.000006 0.001374 0.043581 0.000039 0.000000 4.144628 
1.134248 0.000011 0.000008 0.000000 0.000000 0.000000 0.000000 0.000120 0.000000 0.000000 0.000001 0.029271 0.987745 0.991899 0.000007 1.000676 0.025800 0.015606 0.004014 0.319084 0.004028 0.994631 0.008476 0.006039 0.888759 0.000001 0.000000 3.554765 0.775617 0.009078 0.118366 0.010156 0.000253 0.002009 0.137474 0.002210 0.007768 0.010124 0.075691 0.116084 1.250906 0.561102 8.859757 8.861159 8.861567 135.000000 0.000183 0.000109 0.000089 -84.385422 0.410746 0.000000 0.000000 17483.039062 -14677.755859 -168697.843750 165904.859375 386.589600 5.996622 0.001914 0.164526 0.002554 0.000001 0.529054 0.031757 0.000007 0.000000 0.000000 0.000546 0.005090 0.012463 3.600505 0.043836 0.000055 0.000000 2.371736 13.105243 0.000175 0.000011 0.000010 0.000000 0.000000 0.000000 0.000569 0.000002 0.000006 0.001374 0.043581 0.000039 0.000000 4.144631 1.134246 0.000010 0.000008 0.000000 0.000000 0.000000 0.000000 0.000120 0.000000 0.000000 
